0.000000	1.327547
0.005882	1.450790
0.011765	1.333598
0.017647	1.430409
0.023529	1.384869
0.029412	1.346654
0.035294	1.570530
0.041176	1.464483
0.047059	1.505564
0.052941	1.437415
0.058824	1.537092
0.064706	1.449198
0.070588	1.462891
0.076471	1.369902
0.082353	1.503654
0.088235	1.337101
0.094118	1.443784
0.100000	1.525309
0.105882	1.345062
0.111765	1.501743
0.117647	1.422766
0.123529	1.462254
0.129412	1.350476
0.135294	1.469579
0.141176	1.354616
0.147059	1.297612
0.152941	1.431045
0.158823	1.526901
0.164706	1.452064
0.170588	1.595688
0.176471	1.530722
0.182353	1.402066
0.188235	1.469579
0.194118	1.324999
0.200000	1.515118
0.205882	1.561294
0.211765	1.317038
0.217647	1.498558
0.223529	1.478177
0.229412	1.433912
0.235294	1.458114
0.241176	1.399837
0.247059	1.453974
0.252941	1.338374
0.258823	1.463847
0.264706	1.517029
0.270588	1.412893
0.276470	1.520532
0.282353	1.439007
0.288235	1.533589
0.294117	1.337738
0.300000	1.496011
0.305882	1.460662
0.311765	1.417352
0.317647	1.486457
0.323529	1.478814
0.329412	1.429772
0.335294	1.509386
0.341176	1.296975
0.347059	1.375315
0.352941	1.468305
0.358823	1.500788
0.364706	1.459070
0.370588	1.377226
0.376470	1.434230
0.382353	1.469579
0.388235	1.458433
0.394117	1.316082
0.400000	1.432319
0.405882	1.454930
0.411764	1.435504
0.417647	1.451108
0.423529	1.363214
0.429412	1.418626
0.435294	1.230099
0.441176	1.471171
0.447059	1.403340
0.452941	1.332324
0.458823	1.479769
0.464706	1.423402
0.470588	1.298567
0.476470	1.399837
0.482353	1.454930
0.488235	1.265129
0.494117	1.473400
0.500000	1.420218
0.505882	1.316082
0.511764	1.441873
0.517647	1.302070
0.523529	1.372131
0.529411	1.324044
0.535294	1.528175
0.541176	1.346654
0.547059	1.350794
0.552941	1.340604
0.558823	1.363533
0.564706	1.312261
0.570588	1.342833
0.576470	1.396652
0.582353	1.289332
0.588235	1.533589
0.594117	1.415441
0.600000	1.453974
0.605882	1.439962
0.611764	1.491234
0.617647	1.474356
0.623529	1.408435
0.629411	1.497603
0.635294	1.472763
0.641176	1.406206
0.647058	1.498558
0.652941	1.398881
0.658823	1.469897
0.664706	1.521487
0.670588	1.364169
0.676470	1.494418
0.682353	1.511615
0.688235	1.506201
0.694117	1.385825
0.700000	1.404295
0.705882	1.510660
0.711764	1.332642
0.717647	1.440281
0.723529	1.459070
0.729411	1.300478
0.735294	1.389009
0.741176	1.410664
0.747058	1.383914
0.752941	1.348884
0.758823	1.555881
0.764705	1.512570
0.770588	1.526583
0.776470	1.468623
0.782353	1.465757
0.788235	1.464483
0.794117	1.476903
0.800000	1.393468
0.805882	1.385825
0.811764	1.514481
0.817647	1.351750
0.823529	1.283918
0.829411	1.409072
0.835294	1.336145
0.841176	1.533589
0.847058	1.317675
0.852941	1.458433
0.858823	1.465439
0.864705	1.411620
0.870588	1.465120
0.876470	1.322452
0.882352	1.532633
0.888235	1.462254
0.894117	1.516392
0.900000	1.451427
0.905882	1.411938
0.911764	1.453656
0.917647	1.531678
0.923529	1.440918
0.929411	1.611611
0.935294	1.495374
0.941176	1.561294
0.947058	1.529449
0.952941	1.396971
0.958823	1.486775
0.964705	1.438370
0.970588	1.520532
0.976470	1.336782
0.982352	1.236150
0.988235	1.505883
0.994117	1.291561
0.999999	1.429453
1.005882	1.500469
1.011764	1.278186
1.017647	1.444739
1.023529	1.359393
1.029411	1.367354
1.035294	1.413849
1.041176	1.334235
1.047058	1.286148
1.052941	1.420855
1.058823	1.332005
1.064705	1.351113
1.070588	1.401429
1.076470	1.338374
1.082352	1.294746
1.088235	1.353342
1.094117	1.506838
1.099999	1.315127
1.105882	1.296338
1.111764	1.468623
1.117646	1.432638
1.123529	1.455248
1.129411	1.503654
1.135294	1.401747
1.141176	1.460980
1.147058	1.332324
1.152941	1.317675
1.158823	1.346654
1.164705	1.328821
1.170588	1.465439
1.176470	1.411938
1.182352	1.361940
1.188235	1.467668
1.194117	1.410346
1.199999	1.507475
1.205882	1.254302
1.211764	1.472126
1.217646	1.433593
1.223529	1.484546
1.229411	1.449516
1.235294	1.336145
1.241176	1.371494
1.247058	1.380092
1.252941	1.389965
1.258823	1.539321
1.264705	1.557154
1.270588	1.267677
1.276470	1.283918
1.282352	1.470853
1.288235	1.364806
1.294117	1.413530
1.299999	1.508112
1.305882	1.391557
1.311764	1.349839
1.317646	1.280734
1.323529	1.313216
1.329411	1.450790
1.335293	1.523398
1.341176	1.547919
1.347058	1.482954
1.352940	1.500788
1.358823	1.550785
1.364705	1.346336
1.370588	1.530086
1.376470	1.426587
1.382352	1.447287
1.388235	1.405887
1.394117	1.402703
1.399999	1.408117
1.405882	1.311306
1.411764	1.479132
1.417646	1.309076
1.423529	1.299204
1.429411	1.387417
1.435293	1.438688
1.441176	1.338374
1.447058	1.473719
1.452940	1.425313
1.458823	1.432956
1.464705	1.381685
1.470587	1.323089
1.476470	1.391557
1.482352	1.395378
1.488235	1.416078
1.494117	1.427861
1.499999	1.506520
1.505882	1.514481
1.511764	1.382003
1.517646	1.257486
1.523529	1.420855
1.529411	1.283918
1.535293	1.530404
1.541176	1.518940
1.547058	1.410346
1.552940	1.392831
1.558823	1.406524
1.564705	1.519577
1.570587	1.412575
1.576470	1.453019
1.582352	1.448879
1.588234	1.410027
1.594117	1.414804
1.599999	1.385188
1.605882	1.305573
1.611764	1.232010
1.617646	1.240290
1.623529	1.429135
1.629411	1.314172
1.635293	1.378819
1.641176	1.341241
1.647058	1.365443
1.652940	1.450790
1.658823	1.242837
1.664705	1.398881
1.670587	1.449516
1.676470	1.378500
1.682352	1.349839
1.688234	1.431045
1.694117	1.425950
1.699999	1.514163
1.705881	1.296975
1.711764	1.399200
1.717646	1.438688
1.723529	1.433912
1.729411	1.469897
1.735293	1.230736
1.741176	1.458433
1.747058	1.394741
1.752940	1.495055
1.758823	1.590274
1.764705	1.451427
1.770587	1.487731
1.776470	1.376589
1.782352	1.534862
1.788234	1.426906
1.794117	1.442510
1.799999	1.468623
1.805881	1.411301
1.811764	1.376271
1.817646	1.404932
1.823528	1.511615
1.829411	1.350476
1.835293	1.298249
1.841176	1.358437
1.847058	1.431364
1.852940	1.451427
1.858823	1.373086
1.864705	1.496966
1.870587	1.445376
1.876470	1.346336
1.882352	1.434548
1.888234	1.318949
1.894117	1.426906
1.899999	1.584860
1.905881	1.384551
1.911764	1.569574
1.917646	1.429772
1.923528	1.405250
1.929411	1.450471
1.935293	1.496011
1.941175	1.528493
1.947058	1.367036
1.952940	1.583268
1.958823	1.471808
1.964705	1.460662
1.970587	1.526264
1.976470	1.515437
1.982352	1.501743
1.988234	1.470534
1.994117	1.433912
1.999999	1.494418
2.005881	1.321815
2.011764	1.471171
2.017646	1.393149
2.023528	1.463528
2.029411	1.489642
2.035293	1.341241
2.041175	1.376271
2.047058	1.314172
2.052940	1.353023
2.058822	1.474993
2.064705	1.420855
2.070587	1.287740
2.076470	1.506838
2.082352	1.403340
2.088234	1.281052
2.094117	1.537092
2.099999	1.439962
2.105881	1.458751
2.111764	1.395697
2.117646	1.288695
2.123528	1.289014
2.129411	1.422447
2.135293	1.482954
2.141175	1.392194
2.147058	1.343470
2.152940	1.350794
2.158822	1.365443
2.164705	1.415760
2.170587	1.437415
2.176470	1.529767
2.182352	1.350794
2.188234	1.462891
2.194117	1.397607
2.199999	1.531041
2.205881	1.319586
2.211764	1.446013
2.217646	1.305892
2.223528	1.385506
2.229411	1.375634
2.235293	1.396652
2.241175	1.525309
2.247058	1.378500
2.252940	1.469579
2.258822	1.516392
2.264705	1.268951
2.270587	1.521806
2.276469	1.450153
2.282352	1.375634
2.288234	1.461617
2.294116	1.469897
2.299999	1.427542
2.305881	1.319904
2.311764	1.378500
2.317646	1.493781
2.323528	1.331050
2.329411	1.507794
2.335293	1.532315
2.341175	1.307484
2.347058	1.417033
2.352940	1.360348
2.358822	1.383914
2.364705	1.377863
2.370587	1.433912
2.376469	1.332005
2.382352	1.257168
2.388234	1.487412
2.394116	1.420855
2.399999	1.421810
2.405881	1.453337
2.411763	1.523716
2.417646	1.475948
2.423528	1.463528
2.429411	1.603968
2.435293	1.474993
2.441175	1.408753
2.447058	1.538047
2.452940	1.361940
2.458822	1.562250
2.464705	1.548238
2.470587	1.472763
2.476469	1.495692
2.482352	1.394104
2.488234	1.403658
2.494116	1.402703
2.499999	1.243156
2.505881	1.424039
2.511763	1.499195
2.517646	1.450790
2.523528	1.512889
2.529411	1.468942
2.535293	1.302389
2.541175	1.337738
2.547058	1.212584
2.552940	1.568937
2.558822	1.397607
2.564705	1.387417
2.570587	1.476903
2.576469	1.473719
2.582352	1.435822
2.588234	1.511297
2.594116	1.390920
2.599999	1.437733
2.605881	1.447924
2.611763	1.412575
2.617646	1.506520
2.623528	1.485183
2.629410	1.315446
2.635293	1.409390
2.641175	1.505564
2.647057	1.460344
2.652940	1.516073
2.658822	1.435185
2.664705	1.461936
2.670587	1.355890
2.676469	1.373405
2.682352	1.332961
2.688234	1.397289
2.694116	1.530404
2.699999	1.380411
2.705881	1.326592
2.711763	1.295701
2.717646	1.537092
2.723528	1.463847
2.729410	1.384551
2.735293	1.384869
2.741175	1.359393
2.747057	1.439325
2.752940	1.470534
2.758822	1.373086
2.764704	1.474993
2.770587	1.479769
2.776469	1.448561
2.782352	1.457796
2.788234	1.541232
2.794116	1.428179
2.799999	1.547601
2.805881	1.577217
2.811763	1.245385
2.817646	1.443784
2.823528	1.483909
2.829410	1.540276
2.835293	1.299841
2.841175	1.494737
2.847057	1.443465
2.852940	1.518621
2.858822	1.271817
2.864704	1.322133
2.870587	1.521169
2.876469	1.509386
2.882351	1.184878
2.888234	1.356208
2.894116	1.432001
2.899999	1.434867
2.905881	1.390601
2.911763	1.353023
2.917646	1.389328
2.923528	1.346973
2.929410	1.345699
2.935293	1.405569
2.941175	1.272454
2.947057	1.399837
2.952940	1.474993
2.958822	1.329458
2.964704	1.338374
2.970587	1.350794
2.976469	1.314172
2.982351	1.369265
2.988234	1.369265
2.994116	1.474356
2.999998	1.481999
3.005881	1.380411
3.011763	1.263219
3.017646	1.466076
3.023528	1.453656
3.029410	1.397607
3.035293	1.480406
3.041175	1.368628
3.047057	1.529449
3.052940	1.403340
3.058822	1.442191
3.064704	1.489960
3.070587	1.431045
3.076469	1.319586
3.082351	1.502380
3.088234	1.385188
3.094116	1.446013
3.099998	1.446331
3.105881	1.460344
3.111763	1.502061
3.117646	1.382003
3.123528	1.383277
3.129410	1.349202
3.135293	1.366080
3.141175	1.433593
3.147057	1.500151
3.152940	1.386461
3.158822	1.390283
3.164704	1.410027
3.170587	1.415123
3.176469	1.536773
3.182351	1.454930
3.188234	1.428816
3.194116	1.407161
3.199998	1.252710
3.205881	1.386461
3.211763	1.421810
3.217645	1.457477
3.223528	1.552378
3.229410	1.396015
3.235292	1.583268
3.241175	1.592503
3.247057	1.530722
3.252940	1.486775
3.258822	1.467986
3.264704	1.510978
3.270587	1.452701
3.276469	1.575306
3.282351	1.566071
3.288234	1.478814
3.294116	1.521487
3.299998	1.553333
3.305881	1.552378
3.311763	1.549511
3.317645	1.431045
3.323528	1.476903
3.329410	1.355253
3.335292	1.338693
3.341175	1.577536
3.347057	1.333598
3.352939	1.569256
3.358822	1.637724
3.364704	1.364806
3.370587	1.479132
3.376469	1.282644
3.382351	1.494737
3.388234	1.530404
3.394116	1.365762
3.399998	1.557154
3.405881	1.281371
3.411763	1.576899
3.417645	1.518303
3.423528	1.380411
3.429410	1.595051
3.435292	1.284874
3.441175	1.500469
3.447057	1.461936
3.452939	1.401111
3.458822	1.379774
3.464704	1.389965
3.470587	1.449516
3.476469	1.372131
3.482351	1.331687
3.488234	1.496966
3.494116	1.396971
3.499998	1.373086
3.505881	1.479769
3.511763	1.439644
3.517645	1.552378
3.523528	1.335508
3.529410	1.446968
3.535292	1.388054
3.541175	1.289651
3.547057	1.560657
3.552939	1.379455
3.558822	1.411301
3.564704	1.336145
3.570586	1.310669
3.576469	1.446013
3.582351	1.238697
3.588233	1.447287
3.594116	1.417670
3.599998	1.310350
3.605881	1.516710
3.611763	1.455248
3.617645	1.480406
3.623528	1.507794
3.629410	1.278823
3.635292	1.459707
3.641175	1.410027
3.647057	1.552696
3.652939	1.296020
3.658822	1.438370
3.664704	1.319586
3.670586	1.348247
3.676469	1.495374
3.682351	1.291561
3.688233	1.443784
3.694116	1.359393
3.699998	1.526583
3.705880	1.326273
3.711763	1.313535
3.717645	1.489642
3.723528	1.382640
3.729410	1.425313
3.735292	1.531359
3.741175	1.390920
3.747057	1.473082
3.752939	1.491234
3.758822	1.398244
3.764704	1.340604
3.770586	1.308758
3.776469	1.504291
3.782351	1.365125
3.788233	1.322452
3.794116	1.261626
3.799998	1.252073
3.805880	1.353023
3.811763	1.399200
3.817645	1.441555
3.823527	1.437415
3.829410	1.206215
3.835292	1.460025
3.841175	1.332324
3.847057	1.458114
3.852939	1.487731
3.858822	1.583268
3.864704	1.385825
3.870586	1.308121
3.876469	1.509704
3.882351	1.455885
3.888233	1.397926
3.894116	1.485183
3.899998	1.272454
3.905880	1.388372
3.911763	1.373723
3.917645	1.292198
3.923527	1.290924
3.929410	1.289651
3.935292	1.432319
3.941174	1.360030
3.947057	1.419899
3.952939	1.407480
3.958822	1.386461
3.964704	1.399518
3.970586	1.427542
3.976469	1.457796
3.982351	1.434548
3.988233	1.350157
3.994116	1.429772
3.999998	1.366080
4.005880	1.497921
4.011763	1.478814
4.017645	1.296657
4.023527	1.460980
4.029410	1.468942
4.035292	1.455885
4.041174	1.400474
4.047057	1.556518
4.052939	1.416715
4.058821	1.332324
4.064704	1.415760
4.070586	1.499832
4.076469	1.568619
4.082351	1.482317
4.088233	1.486775
4.094116	1.378819
4.099998	1.424039
4.105880	1.337419
4.111763	1.385506
4.117645	1.361622
4.123527	1.340604
4.129410	1.525946
4.135292	1.326592
4.141174	1.472445
4.147057	1.389009
4.152939	1.441555
4.158821	1.458114
4.164704	1.442191
4.170586	1.305255
4.176468	1.515118
4.182351	1.358756
4.188233	1.530722
4.194116	1.330413
4.199998	1.336464
4.205880	1.455885
4.211763	1.516392
4.217645	1.311943
4.223527	1.276275
4.229410	1.465757
4.235292	1.421492
4.241174	1.520213
4.247057	1.474993
4.252939	1.324362
4.258821	1.258442
4.264704	1.310669
4.270586	1.259079
4.276468	1.352068
4.282351	1.360666
4.288233	1.428179
4.294116	1.287103
4.299998	1.427861
4.305880	1.348565
4.311763	1.366080
4.317645	1.483909
4.323527	1.243156
4.329410	1.488686
4.335292	1.352068
4.341174	1.325636
4.347057	1.403021
4.352939	1.275002
4.358821	1.258760
4.364704	1.331687
4.370586	1.453656
4.376468	1.477859
4.382351	1.446331
4.388233	1.427542
4.394115	1.423402
4.399998	1.403021
4.405880	1.450153
4.411763	1.401747
4.417645	1.375634
4.423527	1.489960
4.429410	1.417670
4.435292	1.303344
4.441174	1.396971
4.447057	1.294427
4.452939	1.515755
4.458821	1.424676
4.464704	1.453656
4.470586	1.468942
4.476468	1.308121
4.482351	1.394423
4.488233	1.411301
4.494115	1.256213
4.499998	1.410346
4.505880	1.463847
4.511762	1.410346
4.517645	1.319586
4.523527	1.309713
4.529409	1.512889
4.535292	1.370539
4.541174	1.207807
4.547057	1.211947
4.552939	1.514481
4.558821	1.471171
4.564704	1.272454
4.570586	1.427542
4.576468	1.418944
4.582351	1.312579
4.588233	1.430409
4.594115	1.365762
4.599998	1.408435
4.605880	1.451745
4.611762	1.461617
4.617645	1.446650
4.623527	1.460344
4.629409	1.301433
4.635292	1.457159
4.641174	1.387098
4.647056	1.396334
4.652939	1.416396
4.658821	1.308440
4.664704	1.344425
4.670586	1.260671
4.676468	1.382640
4.682351	1.310987
4.688233	1.238379
4.694115	1.418944
4.699998	1.453337
4.705880	1.446650
4.711762	1.560339
4.717645	1.250162
4.723527	1.554925
4.729409	1.471489
4.735292	1.364806
4.741174	1.557154
4.747056	1.373405
4.752939	1.308121
4.758821	1.495055
4.764703	1.346654
4.770586	1.588363
4.776468	1.348884
4.782351	1.453019
4.788233	1.448561
4.794115	1.284237
4.799998	1.450790
4.805880	1.538047
4.811762	1.378500
4.817645	1.533589
4.823527	1.330732
4.829409	1.495374
4.835292	1.436141
4.841174	1.322770
4.847056	1.515118
4.852939	1.488049
4.858821	1.489323
4.864703	1.571167
4.870586	1.491871
4.876468	1.532315
4.882350	1.409709
4.888233	1.472445
4.894115	1.478177
4.899998	1.471171
4.905880	1.430727
4.911762	1.345062
4.917645	1.412575
4.923527	1.528175
4.929409	1.282326
4.935292	1.399200
4.941174	1.469260
4.947056	1.439644
4.952939	1.465757
4.958821	1.368309
4.964703	1.422766
4.970586	1.397926
4.976468	1.435504
4.982350	1.472763
4.988233	1.358437
4.994115	1.382958
