LabVIEW Measurement	
Writer_Version	2
Reader_Version	2
Separator	Tab
Decimal_Separator	.
Multi_Headings	Yes
X_Columns	One
Time_Pref	Absolute
Operator	labuser
Date	1904/01/01
Time	01:00:00
***End_of_Header***	
	
Channels	1	
Samples	850	
Date	2022/05/23	
Time	18:21:32.5508129499997180672	
Y_Unit_Label	Volts	
X_Dimension	Time	
X0	0.0000000000000000E+0	
Delta_X	0.005882	
***End_of_Header***		
X_Value	Voltage	Comment
0.000000	1.270543
0.005882	1.320541
0.011765	1.461936
0.017647	1.466394
0.023529	1.542505
0.029412	1.450471
0.035294	1.494737
0.041176	1.446331
0.047059	1.315764
0.052941	1.276594
0.058824	1.301115
0.064706	1.407480
0.070588	1.501424
0.076471	1.380729
0.082353	1.362259
0.088235	1.529449
0.094118	1.209718
0.100000	1.381048
0.105882	1.531359
0.111765	1.520850
0.117647	1.392194
0.123529	1.355253
0.129412	1.375634
0.135294	1.516392
0.141176	1.432638
0.147059	1.326273
0.152941	1.287421
0.158823	1.231373
0.164706	1.306529
0.170588	1.467031
0.176471	1.353979
0.182353	1.374360
0.188235	1.357482
0.194118	1.406206
0.200000	1.333916
0.205882	1.272772
0.211765	1.509067
0.217647	1.356208
0.223529	1.355571
0.229412	1.384869
0.235294	1.289014
0.241176	1.223730
0.247059	1.491234
0.252941	1.443465
0.258823	1.477859
0.264706	1.341559
0.270588	1.287740
0.276470	1.389009
0.282353	1.307803
0.288235	1.517666
0.294117	1.319586
0.300000	1.444102
0.305882	1.401429
0.311765	1.436778
0.317647	1.471808
0.323529	1.330095
0.329412	1.338374
0.335294	1.484546
0.341176	1.480406
0.347059	1.465439
0.352941	1.339967
0.358823	1.302070
0.364706	1.367673
0.370588	1.237105
0.376470	1.524353
0.382353	1.448561
0.388235	1.250480
0.394117	1.479451
0.400000	1.408753
0.405882	1.462573
0.411764	1.498558
0.417647	1.268314
0.423529	1.472126
0.429412	1.487412
0.435294	1.419263
0.441176	1.428498
0.447059	1.276912
0.452941	1.531678
0.458823	1.446968
0.464706	1.348247
0.470588	1.371176
0.476470	1.311306
0.482353	1.418307
0.488235	1.330095
0.494117	1.380092
0.500000	1.504609
0.505882	1.290606
0.511764	1.389328
0.517647	1.480406
0.523529	1.449516
0.529411	1.243474
0.535294	1.339330
0.541176	1.449516
0.547059	1.366399
0.552941	1.360348
0.558823	1.380729
0.564706	1.388054
0.570588	1.404932
0.576470	1.360666
0.582353	1.275320
0.588235	1.365443
0.594117	1.329139
0.600000	1.495055
0.605882	1.176917
0.611764	1.272772
0.617647	1.346654
0.623529	1.460344
0.629411	1.470853
0.635294	1.358119
0.641176	1.334235
0.647058	1.427861
0.652941	1.360666
0.658823	1.485183
0.664706	1.424995
0.670588	1.366717
0.676470	1.507157
0.682353	1.224367
0.688235	1.428816
0.694117	1.425313
0.700000	1.448242
0.705882	1.351750
0.711764	1.532633
0.717647	1.432956
0.723529	1.433912
0.729411	1.290287
0.735294	1.348884
0.741176	1.298249
0.747058	1.491234
0.752941	1.491871
0.758823	1.486775
0.764705	1.468942
0.770588	1.529449
0.776470	1.481362
0.782353	1.315764
0.788235	1.510978
0.794117	1.351431
0.800000	1.263856
0.805882	1.421810
0.811764	1.451427
0.817647	1.520850
0.823529	1.454611
0.829411	1.473082
0.835294	1.478177
0.841176	1.506201
0.847058	1.456840
0.852941	1.475629
0.858823	1.345699
0.864705	1.174369
0.870588	1.466076
0.876470	1.432638
0.882352	1.476585
0.888235	1.460980
0.894117	1.470534
0.900000	1.521487
0.905882	1.437733
0.911764	1.436459
0.917647	1.293472
0.923529	1.358756
0.929411	1.350794
0.935294	1.358119
0.941176	1.424995
0.947058	1.323089
0.952941	1.410027
0.958823	1.355890
0.964705	1.379774
0.970588	1.258442
0.976470	1.346336
0.982352	1.234876
0.988235	1.288058
0.994117	1.324044
0.999999	1.382003
1.005882	1.454611
1.011764	1.338056
1.017647	1.353342
1.023529	1.436778
1.029411	1.504609
1.035294	1.526901
1.041176	1.372449
1.047058	1.340604
1.052941	1.359711
1.058823	1.503017
1.064705	1.377226
1.070588	1.253346
1.076470	1.468305
1.082352	1.467668
1.088235	1.407798
1.094117	1.500469
1.099999	1.352705
1.105882	1.542187
1.111764	1.458751
1.117646	1.574033
1.123529	1.481999
1.129411	1.211947
1.135294	1.554607
1.141176	1.299841
1.147058	1.536773
1.152941	1.531678
1.158823	1.418944
1.164705	1.463528
1.170588	1.310669
1.176470	1.276275
1.182352	1.416078
1.188235	1.402066
1.194117	1.380729
1.199999	1.422766
1.205882	1.353979
1.211764	1.501424
1.217646	1.426906
1.223529	1.330413
1.229411	1.406524
1.235294	1.414486
1.241176	1.542824
1.247058	1.295701
1.252941	1.416396
1.258823	1.499832
1.264705	1.386461
1.270588	1.276594
1.276470	1.445376
1.282352	1.496966
1.288235	1.509386
1.294117	1.481999
1.299999	1.465757
1.305882	1.343151
1.311764	1.229781
1.317646	1.310987
1.323529	1.332961
1.329411	1.432638
1.335293	1.332324
1.341176	1.407480
1.347058	1.478496
1.352940	1.466076
1.358823	1.304618
1.364705	1.323407
1.370588	1.388054
1.376470	1.552696
1.382352	1.367036
1.388235	1.424039
1.394117	1.372131
1.399999	1.461299
1.405882	1.477859
1.411764	1.400155
1.417646	1.309076
1.423529	1.367991
1.429411	1.377226
1.435293	1.534862
1.441176	1.465439
1.447058	1.571803
1.452940	1.369583
1.458823	1.360030
1.464705	1.340604
1.470587	1.432638
1.476470	1.458114
1.482352	1.448561
1.488235	1.470534
1.494117	1.502061
1.499999	1.526901
1.505882	1.370220
1.511764	1.516392
1.517646	1.207170
1.523529	1.425950
1.529411	1.261626
1.535293	1.437733
1.541176	1.500788
1.547058	1.516392
1.552940	1.344107
1.558823	1.270543
1.564705	1.306210
1.570587	1.560976
1.576470	1.496011
1.582352	1.519577
1.588234	1.278823
1.594117	1.424676
1.599999	1.403021
1.605882	1.371176
1.611764	1.467986
1.617646	1.434548
1.623529	1.450471
1.629411	1.476266
1.635293	1.302389
1.641176	1.235831
1.647058	1.436141
1.652940	1.454293
1.658823	1.367673
1.664705	1.340604
1.670587	1.315446
1.676470	1.248888
1.682352	1.525309
1.688234	1.242519
1.694117	1.535499
1.699999	1.375634
1.705881	1.473082
1.711764	1.433593
1.717646	1.441236
1.723529	1.337738
1.729411	1.389646
1.735293	1.344425
1.741176	1.543142
1.747058	1.454611
1.752940	1.459070
1.758823	1.368309
1.764705	1.361622
1.770587	1.358437
1.776470	1.408753
1.782352	1.260989
1.788234	1.446013
1.794117	1.520532
1.799999	1.220864
1.805881	1.441555
1.811764	1.429135
1.817646	1.406843
1.823528	1.407161
1.829411	1.389965
1.835293	1.474356
1.841176	1.516392
1.847058	1.512889
1.852940	1.394104
1.858823	1.348247
1.864705	1.342196
1.870587	1.410664
1.876470	1.396015
1.882352	1.402384
1.888234	1.465757
1.894117	1.273409
1.899999	1.389965
1.905881	1.288377
1.911764	1.275638
1.917646	1.371812
1.923528	1.346336
1.929411	1.393149
1.935293	1.372768
1.941175	1.497921
1.947058	1.306210
1.952940	1.462891
1.958823	1.432956
1.964705	1.392831
1.970587	1.294427
1.976470	1.229144
1.982352	1.381366
1.988234	1.350476
1.994117	1.429453
1.999999	1.420218
2.005881	1.508749
2.011764	1.317038
2.017646	1.393149
2.023528	1.293154
2.029411	1.219272
2.035293	1.474356
2.041175	1.276912
2.047058	1.468942
2.052940	1.432001
2.058822	1.514800
2.064705	1.577217
2.070587	1.466713
2.076470	1.387098
2.082352	1.521169
2.088234	1.220864
2.094117	1.511297
2.099999	1.288058
2.105881	1.335508
2.111764	1.464165
2.117646	1.346336
2.123528	1.463847
2.129411	1.380092
2.135293	1.562887
2.141175	1.336145
2.147058	1.518621
2.152940	1.331368
2.158822	1.419581
2.164705	1.318949
2.170587	1.279141
2.176470	1.356527
2.182352	1.318630
2.188234	1.254620
2.194117	1.451745
2.199999	1.451745
2.205881	1.406524
2.211764	1.367354
2.217646	1.273091
2.223528	1.360030
2.229411	1.490278
2.235293	1.450790
2.241175	1.262263
2.247058	1.359711
2.252940	1.474993
2.258822	1.252391
2.264705	1.503017
2.270587	1.309395
2.276469	1.402703
2.282352	1.497921
2.288234	1.348247
2.294116	1.238379
2.299999	1.196980
2.305881	1.531678
2.311764	1.514481
2.317646	1.334235
2.323528	1.447605
2.329411	1.484546
2.335293	1.279141
2.341175	1.510660
2.347058	1.337101
2.352940	1.419263
2.358822	1.366717
2.364705	1.396015
2.370587	1.457159
2.376469	1.429135
2.382352	1.385825
2.388234	1.270543
2.394116	1.389009
2.399999	1.319904
2.405881	1.273728
2.411763	1.451745
2.417646	1.468942
2.423528	1.375634
2.429411	1.420855
2.435293	1.435504
2.441175	1.429135
2.447058	1.215132
2.452940	1.424358
2.458822	1.240608
2.464705	1.329139
2.470587	1.326910
2.476469	1.439325
2.482352	1.292835
2.488234	1.485183
2.494116	1.402384
2.499999	1.353979
2.505881	1.338693
2.511763	1.208126
2.517646	1.416078
2.523528	1.332961
2.529411	1.463210
2.535293	1.389965
2.541175	1.360348
2.547058	1.497603
2.552940	1.449834
2.558822	1.389646
2.564705	1.363533
2.570587	1.480088
2.576469	1.289014
2.582352	1.231054
2.588234	1.476585
2.594116	1.343470
2.599999	1.355253
2.605881	1.365443
2.611763	1.346017
2.617646	1.362577
2.623528	1.554925
2.629410	1.520850
2.635293	1.493781
2.641175	1.245067
2.647057	1.395378
2.652940	1.324681
2.658822	1.261308
2.664705	1.350476
2.670587	1.438052
2.676469	1.463210
2.682352	1.268632
2.688234	1.274683
2.694116	1.539639
2.699999	1.384551
2.705881	1.513526
2.711763	1.510341
2.717646	1.479132
2.723528	1.457796
2.729410	1.430409
2.735293	1.359711
2.741175	1.342196
2.747057	1.452382
2.752940	1.271499
2.758822	1.383914
2.764704	1.419263
2.770587	1.374360
2.776469	1.357800
2.782352	1.371176
2.788234	1.333916
2.794116	1.499195
2.799999	1.327228
2.805881	1.307484
2.811763	1.425950
2.817646	1.256213
2.823528	1.527856
2.829410	1.510341
2.835293	1.404295
2.841175	1.445058
2.847057	1.545053
2.852940	1.250162
2.858822	1.416396
2.864704	1.467668
2.870587	1.445694
2.876469	1.462891
2.882351	1.270862
2.888234	1.283281
2.894116	1.559384
2.899999	1.348884
2.905881	1.205896
2.911763	1.239334
2.917646	1.356208
2.923528	1.468305
2.929410	1.478177
2.935293	1.404295
2.941175	1.401747
2.947057	1.515118
2.952940	1.268951
2.958822	1.499832
2.964704	1.456204
2.970587	1.223730
2.976469	1.333916
2.982351	1.408117
2.988234	1.403021
2.994116	1.389009
2.999998	1.295701
3.005881	1.329776
3.011763	1.303981
3.017646	1.436778
3.023528	1.332324
3.029410	1.270225
3.035293	1.403977
3.041175	1.346654
3.047057	1.320222
3.052940	1.547282
3.058822	1.317675
3.064704	1.369583
3.070587	1.371494
3.076469	1.370220
3.082351	1.376908
3.088234	1.374360
3.094116	1.442191
3.099998	1.480406
3.105881	1.366080
3.111763	1.414486
3.117646	1.430090
3.123528	1.473400
3.129410	1.286148
3.135293	1.457796
3.141175	1.394104
3.147057	1.289651
3.152940	1.396652
3.158822	1.203349
3.164704	1.335190
3.170587	1.427861
3.176469	1.306529
3.182351	1.355890
3.188234	1.367354
3.194116	1.304618
3.199998	1.493463
3.205881	1.271499
3.211763	1.281371
3.217645	1.367991
3.223528	1.289969
3.229410	1.230099
3.235292	1.347928
3.241175	1.301115
3.247057	1.430409
3.252940	1.391557
3.258822	1.377863
3.264704	1.282963
3.270587	1.351113
3.276469	1.400155
3.282351	1.408117
3.288234	1.435185
3.294116	1.357163
3.299998	1.348884
3.305881	1.372449
3.311763	1.278823
3.317645	1.266085
3.323528	1.316719
3.329410	1.493463
3.335292	1.321178
3.341175	1.468305
3.347057	1.447924
3.352939	1.420855
3.358822	1.445694
3.364704	1.346017
3.370587	1.550148
3.376469	1.466713
3.382351	1.444421
3.388234	1.436459
3.394116	1.407161
3.399998	1.348884
3.405881	1.414804
3.411763	1.413530
3.417645	1.447924
3.423528	1.385188
3.429410	1.351431
3.435292	1.342514
3.441175	1.325318
3.447057	1.359393
3.452939	1.342196
3.458822	1.508112
3.464704	1.441236
3.470587	1.282963
3.476469	1.339648
3.482351	1.309713
3.488234	1.451745
3.494116	1.463847
3.499998	1.346973
3.505881	1.296338
3.511763	1.332642
3.517645	1.456204
3.523528	1.580720
3.529410	1.600465
3.535292	1.277231
3.541175	1.467986
3.547057	1.334235
3.552939	1.583268
3.558822	1.425632
3.564704	1.205578
3.570586	1.432956
3.576469	1.331050
3.582351	1.328502
3.588233	1.302707
3.594116	1.394741
3.599998	1.237105
3.605881	1.461299
3.611763	1.464165
3.617645	1.280734
3.623528	1.353342
3.629410	1.445376
3.635292	1.380411
3.641175	1.229144
3.647057	1.372449
3.652939	1.310669
3.658822	1.240290
3.664704	1.485183
3.670586	1.339648
3.676469	1.319904
3.682351	1.466076
3.688233	1.298886
3.694116	1.309076
3.699998	1.438688
3.705880	1.356527
3.711763	1.417989
3.717645	1.396334
3.723528	1.234557
3.729410	1.427542
3.735292	1.330413
3.741175	1.504291
3.747057	1.445058
3.752939	1.272772
3.758822	1.437096
3.764704	1.305892
3.770586	1.332961
3.776469	1.468623
3.782351	1.418944
3.788233	1.448242
3.794116	1.335827
3.799998	1.494100
3.805880	1.559065
3.811763	1.468623
3.817645	1.533589
3.823527	1.343151
3.829410	1.525309
3.835292	1.523398
3.841175	1.502061
3.847057	1.454930
3.852939	1.437415
3.858822	1.427224
3.864704	1.486139
3.870586	1.440918
3.876469	1.524035
3.882351	1.302389
3.888233	1.432319
3.894116	1.395697
3.899998	1.440918
3.905880	1.547601
3.911763	1.319267
3.917645	1.237105
3.923527	1.498240
3.929410	1.397607
3.935292	1.291561
3.941174	1.422447
3.947057	1.509704
3.952939	1.482954
3.958822	1.263856
3.964704	1.351750
3.970586	1.413530
3.976469	1.491871
3.982351	1.363851
3.988233	1.463528
3.994116	1.384869
3.999998	1.310350
4.005880	1.520213
4.011763	1.435822
4.017645	1.350157
4.023527	1.421810
4.029410	1.453337
4.035292	1.393149
4.041174	1.332005
4.047057	1.489642
4.052939	1.497285
4.058821	1.398244
4.064704	1.486139
4.070586	1.367036
4.076469	1.378500
4.082351	1.519258
4.088233	1.331687
4.094116	1.423402
4.099998	1.440281
4.105880	1.483591
4.111763	1.367354
4.117645	1.261626
4.123527	1.392831
4.129410	1.377863
4.135292	1.241564
4.141174	1.374360
4.147057	1.432638
4.152939	1.321496
4.158821	1.403340
4.164704	1.407480
4.170586	1.324362
4.176468	1.353979
4.182351	1.535499
4.188233	1.390601
4.194116	1.447605
4.199998	1.449198
4.205880	1.247933
4.211763	1.478496
4.217645	1.412575
4.223527	1.411620
4.229410	1.466076
4.235292	1.327865
4.241174	1.357482
4.247057	1.454930
4.252939	1.406843
4.258821	1.488686
4.264704	1.490597
4.270586	1.325318
4.276468	1.253028
4.282351	1.326592
4.288233	1.478814
4.294116	1.507157
4.299998	1.312898
4.305880	1.450471
4.311763	1.262263
4.317645	1.416078
4.323527	1.392194
4.329410	1.466713
4.335292	1.554288
4.341174	1.475629
4.347057	1.461617
4.352939	1.310032
4.358821	1.491552
4.364704	1.267040
4.370586	1.431045
4.376468	1.575306
4.382351	1.440281
4.388233	1.480725
4.394115	1.433593
4.399998	1.370857
4.405880	1.561294
4.411763	1.461299
4.417645	1.366717
4.423527	1.534544
4.429410	1.443465
4.435292	1.483909
4.441174	1.333598
4.447057	1.574988
4.452939	1.543142
4.458821	1.276912
4.464704	1.381048
4.470586	1.438370
4.476468	1.548238
4.482351	1.489960
4.488233	1.367673
4.494115	1.468623
4.499998	1.282326
4.505880	1.316082
4.511762	1.601738
4.517645	1.338056
4.523527	1.419899
4.529409	1.455248
4.535292	1.385188
4.541174	1.481999
4.547057	1.369583
4.552939	1.590911
4.558821	1.373086
4.564704	1.455567
4.570586	1.499514
4.576468	1.447605
4.582351	1.296338
4.588233	1.296020
4.594115	1.326273
4.599998	1.349202
4.605880	1.403977
4.611762	1.381366
4.617645	1.241245
4.623527	1.564479
4.629409	1.393468
4.635292	1.324362
4.641174	1.268951
4.647056	1.402703
4.652939	1.369265
4.658821	1.419899
4.664704	1.296657
4.670586	1.453019
4.676468	1.454611
4.682351	1.327865
4.688233	1.483909
4.694115	1.386780
4.699998	1.252710
4.705880	1.342196
4.711762	1.419899
4.717645	1.291880
4.723527	1.419581
4.729409	1.411301
4.735292	1.260353
4.741174	1.548238
4.747056	1.379137
4.752939	1.411938
4.758821	1.498240
4.764703	1.464165
4.770586	1.448879
4.776468	1.320859
4.782351	1.313853
4.788233	1.383277
4.794115	1.408117
4.799998	1.328821
4.805880	1.521169
4.811762	1.276275
4.817645	1.285511
4.823527	1.296338
4.829409	1.302389
4.835292	1.517666
4.841174	1.313853
4.847056	1.457796
4.852939	1.412893
4.858821	1.456522
4.864703	1.438370
4.870586	1.467668
4.876468	1.583905
4.882350	1.453337
4.888233	1.370539
4.894115	1.267040
4.899998	1.305255
4.905880	1.532633
4.911762	1.273091
4.917645	1.350794
4.923527	1.472763
4.929409	1.390601
4.935292	1.357163
4.941174	1.461617
4.947056	1.287103
4.952939	1.537092
4.958821	1.420536
4.964703	1.334235
4.970586	1.391875
4.976468	1.326910
4.982350	1.432001
4.988233	1.383595
4.994115	1.563524

