0.000000	1.343151
0.005882	1.467986
0.011765	1.344425
0.017647	1.389328
0.023529	1.396652
0.029412	1.408117
0.035294	1.538365
0.041176	1.472445
0.047059	1.464802
0.052941	1.451108
0.058824	1.421810
0.064706	1.483272
0.070588	1.380092
0.076471	1.394423
0.082353	1.468623
0.088235	1.379455
0.094118	1.432956
0.100000	1.397289
0.105882	1.395378
0.111765	1.348884
0.117647	1.458433
0.123529	1.400155
0.129412	1.552696
0.135294	1.267359
0.141176	1.493463
0.147059	1.427861
0.152941	1.436141
0.158823	1.617024
0.164706	1.415123
0.170588	1.289651
0.176471	1.405569
0.182353	1.411620
0.188235	1.289651
0.194118	1.354934
0.200000	1.456840
0.205882	1.542505
0.211765	1.373086
0.217647	1.557791
0.223529	1.354934
0.229412	1.559384
0.235294	1.476903
0.241176	1.366080
0.247059	1.288377
0.252941	1.433593
0.258823	1.435822
0.264706	1.479769
0.270588	1.416078
0.276470	1.398881
0.282353	1.309395
0.288235	1.612247
0.294117	1.592503
0.300000	1.410346
0.305882	1.496648
0.311765	1.392831
0.317647	1.579128
0.323529	1.615751
0.329412	1.462254
0.335294	1.402384
0.341176	1.504927
0.347059	1.568300
0.352941	1.494737
0.358823	1.574988
0.364706	1.447287
0.370588	1.370220
0.376470	1.643775
0.382353	1.551422
0.388235	1.489323
0.394117	1.297930
0.400000	1.400792
0.405882	1.417989
0.411764	1.376908
0.417647	1.311306
0.423529	1.310669
0.429412	1.369265
0.435294	1.589319
0.441176	1.519577
0.447059	1.466076
0.452941	1.631355
0.458823	1.387098
0.464706	1.506838
0.470588	1.512570
0.476470	1.477540
0.482353	1.555244
0.488235	1.318312
0.494117	1.364488
0.500000	1.442510
0.505882	1.264492
0.511764	1.430090
0.517647	1.468623
0.523529	1.431682
0.529411	1.246977
0.535294	1.412256
0.541176	1.530086
0.547059	1.284874
0.552941	1.303344
0.558823	1.476903
0.564706	1.271499
0.570588	1.472445
0.576470	1.401429
0.582353	1.263856
0.588235	1.503972
0.594117	1.444739
0.600000	1.407161
0.605882	1.423402
0.611764	1.548238
0.617647	1.411620
0.623529	1.541868
0.629411	1.480088
0.635294	1.320541
0.641176	1.376589
0.647058	1.283600
0.652941	1.294109
0.658823	1.484546
0.664706	1.470853
0.670588	1.539639
0.676470	1.393786
0.682353	1.360348
0.688235	1.305255
0.694117	1.358437
0.700000	1.408117
0.705882	1.369902
0.711764	1.439325
0.717647	1.537729
0.723529	1.448242
0.729411	1.445058
0.735294	1.384869
0.741176	1.374360
0.747058	1.383595
0.752941	1.436459
0.758823	1.474993
0.764705	1.529767
0.770588	1.474674
0.776470	1.458114
0.782353	1.354616
0.788235	1.269906
0.794117	1.386780
0.800000	1.389328
0.805882	1.398244
0.811764	1.485820
0.817647	1.425313
0.823529	1.337419
0.829411	1.526583
0.835294	1.367673
0.841176	1.335827
0.847058	1.370539
0.852941	1.608426
0.858823	1.518940
0.864705	1.420218
0.870588	1.430090
0.876470	1.234239
0.882352	1.303026
0.888235	1.404932
0.894117	1.454611
0.900000	1.329776
0.905882	1.430409
0.911764	1.367354
0.917647	1.248251
0.923529	1.438688
0.929411	1.457159
0.935294	1.537092
0.941176	1.537729
0.947058	1.562887
0.952941	1.433593
0.958823	1.457477
0.964705	1.482954
0.970588	1.370539
0.976470	1.246977
0.982352	1.454293
0.988235	1.416715
0.994117	1.289332
0.999999	1.334553
1.005882	1.466076
1.011764	1.428498
1.017647	1.441236
1.023529	1.311943
1.029411	1.326910
1.035294	1.522761
1.041176	1.397607
1.047058	1.474674
1.052941	1.421810
1.058823	1.478177
1.064705	1.491871
1.070588	1.380092
1.076470	1.370539
1.082352	1.314809
1.088235	1.398563
1.094117	1.324362
1.099999	1.364488
1.105882	1.354297
1.111764	1.450790
1.117646	1.362896
1.123529	1.374360
1.129411	1.304618
1.135294	1.555244
1.141176	1.444102
1.147058	1.542505
1.152941	1.379137
1.158823	1.366717
1.164705	1.389009
1.170588	1.326910
1.176470	1.358437
1.182352	1.497921
1.188235	1.360030
1.194117	1.373723
1.199999	1.470216
1.205882	1.410346
1.211764	1.271817
1.217646	1.272454
1.223529	1.387098
1.229411	1.471171
1.235294	1.415441
1.241176	1.478814
1.247058	1.441873
1.252941	1.578810
1.258823	1.306847
1.264705	1.296975
1.270588	1.224685
1.276470	1.494418
1.282352	1.320222
1.288235	1.360348
1.294117	1.338056
1.299999	1.482317
1.305882	1.532315
1.311764	1.414486
1.317646	1.531678
1.323529	1.292198
1.329411	1.396652
1.335293	1.454611
1.341176	1.382640
1.347058	1.209399
1.352940	1.462254
1.358823	1.315446
1.364705	1.293472
1.370588	1.377226
1.376470	1.393786
1.382352	1.429453
1.388235	1.400155
1.394117	1.483591
1.399999	1.477222
1.405882	1.413530
1.411764	1.458433
1.417646	1.448879
1.423529	1.303663
1.429411	1.389646
1.435293	1.346336
1.441176	1.489960
1.447058	1.456522
1.452940	1.325955
1.458823	1.542505
1.464705	1.530404
1.470587	1.323407
1.476470	1.515755
1.482352	1.432956
1.488235	1.232010
1.494117	1.439007
1.499999	1.412893
1.505882	1.470853
1.511764	1.291561
1.517646	1.453337
1.523529	1.379455
1.529411	1.324362
1.535293	1.483591
1.541176	1.243474
1.547058	1.418626
1.552940	1.538047
1.558823	1.412575
1.564705	1.504291
1.570587	1.396652
1.576470	1.367354
1.582352	1.368309
1.588234	1.485183
1.594117	1.290287
1.599999	1.366080
1.605882	1.353979
1.611764	1.278823
1.617646	1.277549
1.623529	1.458114
1.629411	1.245067
1.635293	1.404932
1.641176	1.341559
1.647058	1.443784
1.652940	1.400474
1.658823	1.268951
1.664705	1.341877
1.670587	1.377863
1.676470	1.413849
1.682352	1.475629
1.688234	1.305255
1.694117	1.365125
1.699999	1.347291
1.705881	1.473719
1.711764	1.397289
1.717646	1.348884
1.723529	1.332642
1.729411	1.523080
1.735293	1.382003
1.741176	1.521169
1.747058	1.589637
1.752940	1.324044
1.758823	1.426269
1.764705	1.389328
1.770587	1.503017
1.776470	1.275002
1.782352	1.511297
1.788234	1.506520
1.794117	1.367991
1.799999	1.540276
1.805881	1.405569
1.811764	1.519577
1.817646	1.553970
1.823528	1.323089
1.829411	1.540276
1.835293	1.521487
1.841176	1.449198
1.847058	1.504927
1.852940	1.311624
1.858823	1.520850
1.864705	1.419899
1.870587	1.278823
1.876470	1.361622
1.882352	1.488049
1.888234	1.271180
1.894117	1.403021
1.899999	1.353342
1.905881	1.397607
1.911764	1.571167
1.917646	1.546964
1.923528	1.319904
1.929411	1.329139
1.935293	1.344107
1.941175	1.513207
1.947058	1.409072
1.952940	1.460344
1.958823	1.404295
1.964705	1.520213
1.970587	1.617980
1.976470	1.461617
1.982352	1.443147
1.988234	1.257486
1.994117	1.481362
1.999999	1.557791
2.005881	1.413849
2.011764	1.580720
2.017646	1.473719
2.023528	1.509386
2.029411	1.433593
2.035293	1.338056
2.041175	1.495692
2.047058	1.336145
2.052940	1.340285
2.058822	1.424676
2.064705	1.489642
2.070587	1.566071
2.076470	1.313535
2.082352	1.484546
2.088234	1.583268
2.094117	1.299204
2.099999	1.325636
2.105881	1.267995
2.111764	1.328502
2.117646	1.616069
2.123528	1.505246
2.129411	1.505883
2.135293	1.462891
2.141175	1.317675
2.147058	1.501743
2.152940	1.486139
2.158822	1.456204
2.164705	1.461299
2.170587	1.250480
2.176470	1.364169
2.182352	1.265448
2.188234	1.249843
2.194117	1.318630
2.199999	1.440918
2.205881	1.489005
2.211764	1.513844
2.217646	1.428498
2.223528	1.418626
2.229411	1.326273
2.235293	1.343151
2.241175	1.416396
2.247058	1.461936
2.252940	1.442510
2.258822	1.405887
2.264705	1.471808
2.270587	1.359711
2.276469	1.345062
2.282352	1.500788
2.288234	1.408435
2.294116	1.354616
2.299999	1.562250
2.305881	1.313853
2.311764	1.582949
2.317646	1.426269
2.323528	1.438052
2.329411	1.396652
2.335293	1.394423
2.341175	1.431364
2.347058	1.520213
2.352940	1.338693
2.358822	1.401747
2.364705	1.511297
2.370587	1.473082
2.376469	1.394104
2.382352	1.492189
2.388234	1.525627
2.394116	1.406206
2.399999	1.645685
2.405881	1.458114
2.411763	1.606515
2.417646	1.626578
2.423528	1.519577
2.429411	1.372131
2.435293	1.288058
2.441175	1.490915
2.447058	1.534544
2.452940	1.457159
2.458822	1.424358
2.464705	1.476266
2.470587	1.449516
2.476469	1.340922
2.482352	1.310032
2.488234	1.530722
2.494116	1.556199
2.499999	1.312898
2.505881	1.547282
2.511763	1.404932
2.517646	1.386143
2.523528	1.530404
2.529411	1.572759
2.535293	1.446013
2.541175	1.578491
2.547058	1.502380
2.552940	1.447287
2.558822	1.499514
2.564705	1.418307
2.570587	1.405887
2.576469	1.326273
2.582352	1.464165
2.588234	1.414167
2.594116	1.456840
2.599999	1.260034
2.605881	1.243474
2.611763	1.492189
2.617646	1.351750
2.623528	1.298886
2.629410	1.371812
2.635293	1.441236
2.641175	1.399837
2.647057	1.417033
2.652940	1.489323
2.658822	1.443147
2.664705	1.470853
2.670587	1.378819
2.676469	1.436778
2.682352	1.443784
2.688234	1.560339
2.694116	1.539321
2.699999	1.497603
2.705881	1.413212
2.711763	1.526901
2.717646	1.350157
2.723528	1.393468
2.729410	1.411938
2.735293	1.334235
2.741175	1.579765
2.747057	1.389646
2.752940	1.388054
2.758822	1.468305
2.764704	1.382322
2.770587	1.379137
2.776469	1.481680
2.782352	1.499514
2.788234	1.433593
2.794116	1.532952
2.799999	1.538365
2.805881	1.390601
2.811763	1.460025
2.817646	1.456204
2.823528	1.359074
2.829410	1.391557
2.835293	1.610337
2.841175	1.481043
2.847057	1.468623
2.852940	1.406524
2.858822	1.290606
2.864704	1.511615
2.870587	1.425950
2.876469	1.477540
2.882351	1.464802
2.888234	1.515118
2.894116	1.381366
2.899999	1.331050
2.905881	1.316719
2.911763	1.464483
2.917646	1.458433
2.923528	1.538684
2.929410	1.260989
2.935293	1.375315
2.941175	1.425632
2.947057	1.283918
2.952940	1.455567
2.958822	1.398244
2.964704	1.441236
2.970587	1.305255
2.976469	1.469260
2.982351	1.423084
2.988234	1.396334
2.994116	1.533589
2.999998	1.351113
3.005881	1.422447
3.011763	1.472445
3.017646	1.294746
3.023528	1.268951
3.029410	1.479769
3.035293	1.319267
3.041175	1.395697
3.047057	1.464483
3.052940	1.352705
3.058822	1.416078
3.064704	1.505564
3.070587	1.294746
3.076469	1.349839
3.082351	1.564797
3.088234	1.570848
3.094116	1.394104
3.099998	1.254939
3.105881	1.335508
3.111763	1.324999
3.117646	1.520213
3.123528	1.455885
3.129410	1.437733
3.135293	1.518303
3.141175	1.525946
3.147057	1.417033
3.152940	1.375315
3.158822	1.392194
3.164704	1.475311
3.170587	1.334235
3.176469	1.392831
3.182351	1.437733
3.188234	1.329458
3.194116	1.343151
3.199998	1.408117
3.205881	1.308121
3.211763	1.470216
3.217645	1.363533
3.223528	1.360666
3.229410	1.554925
3.235292	1.304936
3.241175	1.380092
3.247057	1.263856
3.252940	1.425313
3.258822	1.407798
3.264704	1.484865
3.270587	1.447924
3.276469	1.557154
3.282351	1.250799
3.288234	1.327865
3.294116	1.299204
3.299998	1.483272
3.305881	1.554607
3.311763	1.229781
3.317645	1.470853
3.323528	1.456204
3.329410	1.429135
3.335292	1.484546
3.341175	1.208126
3.347057	1.394104
3.352939	1.517666
3.358822	1.410664
3.364704	1.427542
3.370587	1.305892
3.376469	1.564479
3.382351	1.626260
3.388234	1.382640
3.394116	1.494418
3.399998	1.455885
3.405881	1.516710
3.411763	1.573714
3.417645	1.343788
3.423528	1.257805
3.429410	1.584542
3.435292	1.356845
3.441175	1.468305
3.447057	1.572759
3.452939	1.609381
3.458822	1.486139
3.464704	1.495692
3.470587	1.685811
3.476469	1.450153
3.482351	1.558428
3.488234	1.574670
3.494116	1.376589
3.499998	1.446331
3.505881	1.365125
3.511763	1.497285
3.517645	1.316719
3.523528	1.519577
3.529410	1.431682
3.535292	1.289651
3.541175	1.397926
3.547057	1.489960
3.552939	1.411301
3.558822	1.577536
3.564704	1.503972
3.570586	1.316719
3.576469	1.324362
3.582351	1.414804
3.588233	1.435822
3.594116	1.493145
3.599998	1.416078
3.605881	1.463847
3.611763	1.420218
3.617645	1.428816
3.623528	1.467350
3.629410	1.329776
3.635292	1.531041
3.641175	1.363533
3.647057	1.343788
3.652939	1.432956
3.658822	1.493463
3.664704	1.405250
3.670586	1.470534
3.676469	1.470853
3.682351	1.495692
3.688233	1.355571
3.694116	1.250480
3.699998	1.483591
3.705880	1.389009
3.711763	1.515118
3.717645	1.493781
3.723528	1.561294
3.729410	1.259079
3.735292	1.472126
3.741175	1.520213
3.747057	1.262263
3.752939	1.543779
3.758822	1.403340
3.764704	1.446968
3.770586	1.413212
3.776469	1.471808
3.782351	1.532952
3.788233	1.370220
3.794116	1.392831
3.799998	1.503654
3.805880	1.471171
3.811763	1.528493
3.817645	1.559702
3.823527	1.582949
3.829410	1.667977
3.835292	1.299841
3.841175	1.448879
3.847057	1.481680
3.852939	1.335190
3.858822	1.470534
3.864704	1.436459
3.870586	1.434230
3.876469	1.461617
3.882351	1.376908
3.888233	1.591229
3.894116	1.392194
3.899998	1.399200
3.905880	1.446650
3.911763	1.302070
3.917645	1.488686
3.923527	1.501106
3.929410	1.389646
3.935292	1.601101
3.941174	1.438688
3.947057	1.432001
3.952939	1.372449
3.958822	1.571485
3.964704	1.443784
3.970586	1.415441
3.976469	1.598872
3.982351	1.363533
3.988233	1.314809
3.994116	1.562568
3.999998	1.538047
4.005880	1.304300
4.011763	1.430090
4.017645	1.560657
4.023527	1.423402
4.029410	1.399837
4.035292	1.445058
4.041174	1.489960
4.047057	1.322133
4.052939	1.433275
4.058821	1.431364
4.064704	1.428498
4.070586	1.424995
4.076469	1.397607
4.082351	1.427224
4.088233	1.386143
4.094116	1.392831
4.099998	1.630718
4.105880	1.364806
4.111763	1.359074
4.117645	1.407798
4.123527	1.323407
4.129410	1.404614
4.135292	1.445058
4.141174	1.351750
4.147057	1.567982
4.152939	1.394741
4.158821	1.497603
4.164704	1.407798
4.170586	1.432956
4.176468	1.438370
4.182351	1.355253
4.188233	1.306210
4.194116	1.383595
4.199998	1.354616
4.205880	1.463847
4.211763	1.384869
4.217645	1.482635
4.223527	1.328821
4.229410	1.494100
4.235292	1.309076
4.241174	1.332642
4.247057	1.391238
4.252939	1.297612
4.258821	1.391238
4.264704	1.311943
4.270586	1.410346
4.276468	1.568937
4.282351	1.427861
4.288233	1.251436
4.294116	1.462573
4.299998	1.433593
4.305880	1.410346
4.311763	1.466713
4.317645	1.470534
4.323527	1.471808
4.329410	1.483909
4.335292	1.260353
4.341174	1.503017
4.347057	1.444421
4.352939	1.505883
4.358821	1.429772
4.364704	1.269269
4.370586	1.496648
4.376468	1.324044
4.382351	1.280415
4.388233	1.517029
4.394115	1.471808
4.399998	1.539002
4.405880	1.275957
4.411763	1.460344
4.417645	1.487412
4.423527	1.411938
4.429410	1.511615
4.435292	1.320541
4.441174	1.458114
4.447057	1.361622
4.452939	1.373086
4.458821	1.333916
4.464704	1.503335
4.470586	1.517347
4.476468	1.371812
4.482351	1.362577
4.488233	1.477859
4.494115	1.545372
4.499998	1.428179
4.505880	1.312898
4.511762	1.410346
4.517645	1.404295
4.523527	1.423402
4.529409	1.376908
4.535292	1.572440
4.541174	1.609700
4.547057	1.540276
4.552939	1.373723
4.558821	1.474993
4.564704	1.362259
4.570586	1.254939
4.576468	1.322770
4.582351	1.288377
4.588233	1.353342
4.594115	1.449516
4.599998	1.324999
4.605880	1.399200
4.611762	1.519577
4.617645	1.364806
4.623527	1.334235
4.629409	1.586452
4.635292	1.376908
4.641174	1.314490
4.647056	1.514481
4.652939	1.351113
4.658821	1.388372
4.664704	1.473719
4.670586	1.273091
4.676468	1.288058
4.682351	1.387098
4.688233	1.276912
4.694115	1.482635
4.699998	1.331687
4.705880	1.366080
4.711762	1.433912
4.717645	1.518621
4.723527	1.568937
4.729409	1.517347
4.735292	1.582631
4.741174	1.587089
4.747056	1.409709
4.752939	1.645685
4.758821	1.401111
4.764703	1.403977
4.770586	1.376271
4.776468	1.371176
4.782351	1.512252
4.788233	1.578173
4.794115	1.488049
4.799998	1.481999
4.805880	1.346973
4.811762	1.589000
4.817645	1.424676
4.823527	1.426906
4.829409	1.409072
4.835292	1.375315
4.841174	1.331050
4.847056	1.454293
4.852939	1.490597
4.858821	1.344425
4.864703	1.503972
4.870586	1.517029
4.876468	1.473400
4.882350	1.371812
4.888233	1.692180
4.894115	1.567345
4.899998	1.502698
4.905880	1.529130
4.911762	1.483909
4.917645	1.561294
4.923527	1.449516
4.929409	1.586771
4.935292	1.322770
4.941174	1.286148
4.947056	1.250480
4.952939	1.537092
4.958821	1.540276
4.964703	1.503972
4.970586	1.496011
4.976468	1.307166
4.982350	1.575625
4.988233	1.444421
4.994115	1.410664
