LabVIEW Measurement	
Writer_Version	2
Reader_Version	2
Separator	Tab
Decimal_Separator	.
Multi_Headings	Yes
X_Columns	One
Time_Pref	Absolute
Operator	labuser
Date	1904/01/01
Time	01:00:00
***End_of_Header***	
	
Channels	1	
Samples	850	
Date	2022/05/23	
Time	18:21:16.2592948499998690135	
Y_Unit_Label	Volts	
X_Dimension	Time	
X0	0.0000000000000000E+0	
Delta_X	0.005882	
***End_of_Header***		
X_Value	Voltage	Comment
0.000000	1.343151
0.005882	1.524035
0.011765	1.440599
0.017647	1.254939
0.023529	1.454293
0.029412	1.512889
0.035294	1.439644
0.041176	1.359393
0.047059	1.335508
0.052941	1.294109
0.058824	1.276594
0.064706	1.349520
0.070588	1.317038
0.076471	1.493781
0.082353	1.556199
0.088235	1.577854
0.094118	1.540276
0.100000	1.392194
0.105882	1.324362
0.111765	1.393786
0.117647	1.275957
0.123529	1.286148
0.129412	1.422129
0.135294	1.328502
0.141176	1.503017
0.147059	1.412893
0.152941	1.471808
0.158823	1.465439
0.164706	1.359711
0.170588	1.233602
0.176471	1.502380
0.182353	1.430409
0.188235	1.238697
0.194118	1.542187
0.200000	1.537410
0.205882	1.411301
0.211765	1.426906
0.217647	1.385506
0.223529	1.421810
0.229412	1.455885
0.235294	1.521487
0.241176	1.341877
0.247059	1.376908
0.252941	1.446331
0.258823	1.579765
0.264706	1.380411
0.270588	1.315764
0.276470	1.533270
0.282353	1.248251
0.288235	1.385825
0.294117	1.333598
0.300000	1.413849
0.305882	1.436459
0.311765	1.387098
0.317647	1.381366
0.323529	1.457796
0.329412	1.489642
0.335294	1.516392
0.341176	1.471489
0.347059	1.453019
0.352941	1.397926
0.358823	1.517347
0.364706	1.428816
0.370588	1.415760
0.376470	1.340922
0.382353	1.526583
0.388235	1.395378
0.394117	1.395378
0.400000	1.311306
0.405882	1.485820
0.411764	1.379137
0.417647	1.424676
0.423529	1.548238
0.429412	1.416078
0.435294	1.576899
0.441176	1.462891
0.447059	1.405569
0.452941	1.609700
0.458823	1.577536
0.464706	1.540913
0.470588	1.494100
0.476470	1.290606
0.482353	1.270543
0.488235	1.402066
0.494117	1.440599
0.500000	1.240290
0.505882	1.340922
0.511764	1.570530
0.517647	1.493145
0.523529	1.301752
0.529411	1.454293
0.535294	1.581676
0.541176	1.530722
0.547059	1.439962
0.552941	1.512252
0.558823	1.434867
0.564706	1.535499
0.570588	1.488368
0.576470	1.420855
0.582353	1.499195
0.588235	1.457796
0.594117	1.380729
0.600000	1.327228
0.605882	1.476903
0.611764	1.428816
0.617647	1.432638
0.623529	1.443147
0.629411	1.496329
0.635294	1.483909
0.641176	1.448561
0.647058	1.436778
0.652941	1.476266
0.658823	1.330095
0.664706	1.400792
0.670588	1.325318
0.676470	1.313853
0.682353	1.641227
0.688235	1.404295
0.694117	1.478177
0.700000	1.530404
0.705882	1.355253
0.711764	1.207170
0.717647	1.376908
0.723529	1.455248
0.729411	1.437733
0.735294	1.367991
0.741176	1.481043
0.747058	1.518940
0.752941	1.306529
0.758823	1.431364
0.764705	1.349202
0.770588	1.445376
0.776470	1.476903
0.782353	1.498558
0.788235	1.381685
0.794117	1.467986
0.800000	1.455567
0.805882	1.431682
0.811764	1.253346
0.817647	1.487731
0.823529	1.467668
0.829411	1.521487
0.835294	1.395697
0.841176	1.467986
0.847058	1.450471
0.852941	1.353342
0.858823	1.422766
0.864705	1.285511
0.870588	1.413530
0.876470	1.448879
0.882352	1.483272
0.888235	1.392831
0.894117	1.389009
0.900000	1.461299
0.905882	1.455885
0.911764	1.243793
0.917647	1.383914
0.923529	1.418307
0.929411	1.612247
0.935294	1.478496
0.941176	1.460662
0.947058	1.627852
0.952941	1.515118
0.958823	1.487731
0.964705	1.500788
0.970588	1.271499
0.976470	1.424039
0.982352	1.501743
0.988235	1.427224
0.994117	1.446968
0.999999	1.448879
1.005882	1.506838
1.011764	1.532633
1.017647	1.314809
1.023529	1.445694
1.029411	1.377545
1.035294	1.251117
1.041176	1.408435
1.047058	1.410346
1.052941	1.531041
1.058823	1.548875
1.064705	1.396334
1.070588	1.343151
1.076470	1.443784
1.082352	1.464802
1.088235	1.568937
1.094117	1.464165
1.099999	1.513526
1.105882	1.364806
1.111764	1.480725
1.117646	1.452382
1.123529	1.378182
1.129411	1.389009
1.135294	1.423402
1.141176	1.389646
1.147058	1.518940
1.152941	1.309713
1.158823	1.537092
1.164705	1.302389
1.170588	1.419899
1.176470	1.410027
1.182352	1.428179
1.188235	1.453019
1.194117	1.431045
1.199999	1.489642
1.205882	1.334235
1.211764	1.496329
1.217646	1.499832
1.223529	1.434230
1.229411	1.318312
1.235294	1.392512
1.241176	1.323725
1.247058	1.252710
1.252941	1.499195
1.258823	1.407798
1.264705	1.531041
1.270588	1.336145
1.276470	1.461936
1.282352	1.413849
1.288235	1.375634
1.294117	1.263537
1.299999	1.275957
1.305882	1.454611
1.311764	1.537410
1.317646	1.388691
1.323529	1.456522
1.329411	1.465757
1.335293	1.370857
1.341176	1.357800
1.347058	1.536773
1.352940	1.416396
1.358823	1.408117
1.364705	1.311306
1.370588	1.448242
1.376470	1.508112
1.382352	1.432319
1.388235	1.430409
1.394117	1.590274
1.399999	1.484865
1.405882	1.303344
1.411764	1.341877
1.417646	1.407480
1.423529	1.539958
1.429411	1.456840
1.435293	1.405250
1.441176	1.464483
1.447058	1.236150
1.452940	1.511297
1.458823	1.581039
1.464705	1.553333
1.470587	1.521806
1.476470	1.355890
1.482352	1.509386
1.488235	1.411620
1.494117	1.446968
1.499999	1.317993
1.505882	1.465439
1.511764	1.369583
1.517646	1.294427
1.523529	1.370220
1.529411	1.364169
1.535293	1.433912
1.541176	1.376589
1.547058	1.329776
1.552940	1.382322
1.558823	1.502698
1.564705	1.256531
1.570587	1.272135
1.576470	1.600783
1.582352	1.448242
1.588234	1.444102
1.594117	1.458433
1.599999	1.441555
1.605882	1.293154
1.611764	1.435822
1.617646	1.448879
1.623529	1.506838
1.629411	1.482954
1.635293	1.329458
1.641176	1.324681
1.647058	1.396652
1.652940	1.345062
1.658823	1.446331
1.664705	1.356208
1.670587	1.488049
1.676470	1.521169
1.682352	1.463210
1.688234	1.413849
1.694117	1.545372
1.699999	1.455248
1.705881	1.596325
1.711764	1.331687
1.717646	1.512570
1.723529	1.560021
1.729411	1.529767
1.735293	1.411938
1.741176	1.453019
1.747058	1.273728
1.752940	1.490278
1.758823	1.485183
1.764705	1.499195
1.770587	1.424995
1.776470	1.327865
1.782352	1.480725
1.788234	1.401429
1.794117	1.446968
1.799999	1.414486
1.805881	1.347928
1.811764	1.473082
1.817646	1.396971
1.823528	1.449516
1.829411	1.557154
1.835293	1.486139
1.841176	1.486775
1.847058	1.370220
1.852940	1.294109
1.858823	1.512252
1.864705	1.451745
1.870587	1.294427
1.876470	1.263219
1.882352	1.307166
1.888234	1.551104
1.894117	1.303026
1.899999	1.521169
1.905881	1.301433
1.911764	1.391238
1.917646	1.516392
1.923528	1.246022
1.929411	1.437415
1.935293	1.280734
1.941175	1.491871
1.947058	1.468942
1.952940	1.440281
1.958823	1.402066
1.964705	1.471171
1.970587	1.481680
1.976470	1.460344
1.982352	1.424039
1.988234	1.221501
1.994117	1.526901
1.999999	1.322770
2.005881	1.445376
2.011764	1.331050
2.017646	1.388691
2.023528	1.482635
2.029411	1.481999
2.035293	1.495692
2.041175	1.529449
2.047058	1.526901
2.052940	1.379455
2.058822	1.554288
2.064705	1.258760
2.070587	1.239016
2.076470	1.548556
2.082352	1.433912
2.088234	1.368309
2.094117	1.243793
2.099999	1.389646
2.105881	1.266403
2.111764	1.360348
2.117646	1.524672
2.123528	1.492508
2.129411	1.359711
2.135293	1.258442
2.141175	1.528493
2.147058	1.357482
2.152940	1.222456
2.158822	1.300797
2.164705	1.308121
2.170587	1.413530
2.176470	1.308758
2.182352	1.408117
2.188234	1.276594
2.194117	1.338374
2.199999	1.336145
2.205881	1.268314
2.211764	1.451108
2.217646	1.246022
2.223528	1.400792
2.229411	1.356208
2.235293	1.477859
2.241175	1.365125
2.247058	1.296020
2.252940	1.528493
2.258822	1.250799
2.264705	1.475311
2.270587	1.445694
2.276469	1.369265
2.282352	1.424039
2.288234	1.275002
2.294116	1.559065
2.299999	1.471171
2.305881	1.354616
2.311764	1.406206
2.317646	1.396652
2.323528	1.542505
2.329411	1.512889
2.335293	1.468942
2.341175	1.488049
2.347058	1.478814
2.352940	1.392194
2.358822	1.457159
2.364705	1.382958
2.370587	1.215132
2.376469	1.509386
2.382352	1.253983
2.388234	1.428179
2.394116	1.274365
2.399999	1.366717
2.405881	1.298567
2.411763	1.415760
2.417646	1.367991
2.423528	1.395060
2.429411	1.388372
2.435293	1.400792
2.441175	1.449516
2.447058	1.272454
2.452940	1.426269
2.458822	1.398563
2.464705	1.448242
2.470587	1.322770
2.476469	1.459707
2.482352	1.383277
2.488234	1.333598
2.494116	1.401429
2.499999	1.416078
2.505881	1.348565
2.511763	1.291561
2.517646	1.411620
2.523528	1.491552
2.529411	1.473082
2.535293	1.565434
2.541175	1.430409
2.547058	1.432319
2.552940	1.239653
2.558822	1.484546
2.564705	1.457477
2.570587	1.375315
2.576469	1.455567
2.582352	1.503017
2.588234	1.537092
2.594116	1.453019
2.599999	1.316401
2.605881	1.500469
2.611763	1.477859
2.617646	1.253346
2.623528	1.367354
2.629410	1.499832
2.635293	1.520213
2.641175	1.560976
2.647057	1.385506
2.652940	1.570530
2.658822	1.473082
2.664705	1.516392
2.670587	1.499832
2.676469	1.472763
2.682352	1.550148
2.688234	1.558747
2.694116	1.561294
2.699999	1.491871
2.705881	1.282008
2.711763	1.546327
2.717646	1.406843
2.723528	1.330413
2.729410	1.423084
2.735293	1.334235
2.741175	1.528175
2.747057	1.458114
2.752940	1.504927
2.758822	1.506838
2.764704	1.461617
2.770587	1.529767
2.776469	1.485183
2.782352	1.453656
2.788234	1.423084
2.794116	1.279460
2.799999	1.540276
2.805881	1.348565
2.811763	1.300797
2.817646	1.455885
2.823528	1.584223
2.829410	1.408117
2.835293	1.392831
2.841175	1.241882
2.847057	1.387098
2.852940	1.341241
2.858822	1.487731
2.864704	1.392831
2.870587	1.462891
2.876469	1.420536
2.882351	1.431682
2.888234	1.315764
2.894116	1.308121
2.899999	1.503335
2.905881	1.611292
2.911763	1.309076
2.917646	1.277868
2.923528	1.580083
2.929410	1.301752
2.935293	1.372768
2.941175	1.290924
2.947057	1.502380
2.952940	1.405887
2.958822	1.517666
2.964704	1.448879
2.970587	1.282326
2.976469	1.258442
2.982351	1.455248
2.988234	1.445058
2.994116	1.485502
2.999998	1.323725
3.005881	1.447287
3.011763	1.351750
3.017646	1.560976
3.023528	1.405887
3.029410	1.388054
3.035293	1.582949
3.041175	1.404932
3.047057	1.485183
3.052940	1.264492
3.058822	1.258760
3.064704	1.490915
3.070587	1.473719
3.076469	1.534226
3.082351	1.459388
3.088234	1.485502
3.094116	1.383277
3.099998	1.473082
3.105881	1.472126
3.111763	1.586134
3.117646	1.438688
3.123528	1.498240
3.129410	1.368309
3.135293	1.261626
3.141175	1.421173
3.147057	1.463847
3.152940	1.417352
3.158822	1.375952
3.164704	1.591229
3.170587	1.517347
3.176469	1.547282
3.182351	1.462573
3.188234	1.586134
3.194116	1.399200
3.199998	1.462254
3.205881	1.457477
3.211763	1.318949
3.217645	1.562887
3.223528	1.315446
3.229410	1.435504
3.235292	1.352068
3.241175	1.307484
3.247057	1.398881
3.252940	1.358437
3.258822	1.287740
3.264704	1.497603
3.270587	1.503017
3.276469	1.386461
3.282351	1.537092
3.288234	1.423721
3.294116	1.542505
3.299998	1.405887
3.305881	1.508749
3.311763	1.511934
3.317645	1.289014
3.323528	1.504927
3.329410	1.473719
3.335292	1.496011
3.341175	1.555562
3.347057	1.445376
3.352939	1.429453
3.358822	1.394104
3.364704	1.510341
3.370587	1.397926
3.376469	1.424358
3.382351	1.459070
3.388234	1.385188
3.394116	1.501106
3.399998	1.408435
3.405881	1.270225
3.411763	1.327547
3.417645	1.531041
3.423528	1.353342
3.429410	1.437415
3.435292	1.538047
3.441175	1.405887
3.447057	1.330095
3.452939	1.217998
3.458822	1.270225
3.464704	1.395060
3.470587	1.457159
3.476469	1.229462
3.482351	1.378819
3.488234	1.418307
3.494116	1.324681
3.499998	1.320859
3.505881	1.327865
3.511763	1.349520
3.517645	1.475311
3.523528	1.489960
3.529410	1.511297
3.535292	1.310987
3.541175	1.487731
3.547057	1.460025
3.552939	1.452064
3.558822	1.453019
3.564704	1.536455
3.570586	1.366399
3.576469	1.540595
3.582351	1.385825
3.588233	1.385825
3.594116	1.481043
3.599998	1.302707
3.605881	1.475629
3.611763	1.362896
3.617645	1.283918
3.623528	1.376908
3.629410	1.585816
3.635292	1.355890
3.641175	1.451745
3.647057	1.410983
3.652939	1.566708
3.658822	1.340922
3.664704	1.484546
3.670586	1.379137
3.676469	1.614795
3.682351	1.383914
3.688233	1.428498
3.694116	1.273091
3.699998	1.306210
3.705880	1.491552
3.711763	1.385506
3.717645	1.354616
3.723528	1.460025
3.729410	1.402384
3.735292	1.295701
3.741175	1.551422
3.747057	1.438370
3.752939	1.593459
3.758822	1.335190
3.764704	1.534862
3.770586	1.299841
3.776469	1.485820
3.782351	1.401429
3.788233	1.378500
3.794116	1.262900
3.799998	1.251754
3.805880	1.431045
3.811763	1.377863
3.817645	1.273728
3.823527	1.291880
3.829410	1.401111
3.835292	1.503654
3.841175	1.438688
3.847057	1.433593
3.852939	1.459070
3.858822	1.355571
3.864704	1.386143
3.870586	1.494737
3.876469	1.405887
3.882351	1.450471
3.888233	1.419899
3.894116	1.501743
3.899998	1.234557
3.905880	1.469897
3.911763	1.310350
3.917645	1.366717
3.923527	1.516073
3.929410	1.323089
3.935292	1.251436
3.941174	1.284237
3.947057	1.486775
3.952939	1.408435
3.958822	1.296657
3.964704	1.495055
3.970586	1.480725
3.976469	1.539321
3.982351	1.494418
3.988233	1.487094
3.994116	1.456522
3.999998	1.254302
4.005880	1.507794
4.011763	1.456522
4.017645	1.550785
4.023527	1.563524
4.029410	1.414804
4.035292	1.289651
4.041174	1.448561
4.047057	1.328821
4.052939	1.603968
4.058821	1.249843
4.064704	1.301115
4.070586	1.489005
4.076469	1.359393
4.082351	1.432956
4.088233	1.449198
4.094116	1.440918
4.099998	1.495374
4.105880	1.383277
4.111763	1.315764
4.117645	1.477540
4.123527	1.382640
4.129410	1.425950
4.135292	1.501743
4.141174	1.569256
4.147057	1.373086
4.152939	1.284555
4.158821	1.437415
4.164704	1.413849
4.170586	1.406843
4.176468	1.433912
4.182351	1.407161
4.188233	1.553014
4.194116	1.344107
4.199998	1.549830
4.205880	1.481043
4.211763	1.264811
4.217645	1.357163
4.223527	1.275002
4.229410	1.415123
4.235292	1.310350
4.241174	1.589319
4.247057	1.215132
4.252939	1.321815
4.258821	1.442191
4.264704	1.360030
4.270586	1.365443
4.276468	1.348247
4.282351	1.216405
4.288233	1.362577
4.294116	1.232010
4.299998	1.519577
4.305880	1.548875
4.311763	1.320222
4.317645	1.259716
4.323527	1.426906
4.329410	1.364806
4.335292	1.426906
4.341174	1.370857
4.347057	1.415123
4.352939	1.486457
4.358821	1.427861
4.364704	1.489960
4.370586	1.535499
4.376468	1.245067
4.382351	1.449198
4.388233	1.450471
4.394115	1.338374
4.399998	1.348884
4.405880	1.419581
4.411763	1.328821
4.417645	1.374042
4.423527	1.382322
4.429410	1.420855
4.435292	1.589319
4.441174	1.514163
4.447057	1.448561
4.452939	1.455567
4.458821	1.462254
4.464704	1.382640
4.470586	1.344107
4.476468	1.442828
4.482351	1.472126
4.488233	1.499832
4.494115	1.452701
4.499998	1.326592
4.505880	1.369265
4.511762	1.444739
4.517645	1.470216
4.523527	1.479451
4.529409	1.359711
4.535292	1.441236
4.541174	1.509386
4.547057	1.427224
4.552939	1.332005
4.558821	1.374679
4.564704	1.497921
4.570586	1.443465
4.576468	1.470853
4.582351	1.496011
4.588233	1.462254
4.594115	1.256213
4.599998	1.490915
4.605880	1.408117
4.611762	1.566708
4.617645	1.392831
4.623527	1.377863
4.629409	1.334871
4.635292	1.524990
4.641174	1.360030
4.647056	1.456522
4.652939	1.365762
4.658821	1.293472
4.664704	1.367036
4.670586	1.317675
4.676468	1.335827
4.682351	1.360666
4.688233	1.411938
4.694115	1.349520
4.699998	1.528493
4.705880	1.432319
4.711762	1.586134
4.717645	1.313216
4.723527	1.272454
4.729409	1.221182
4.735292	1.278505
4.741174	1.467350
4.747056	1.393468
4.752939	1.510978
4.758821	1.316719
4.764703	1.381366
4.770586	1.359711
4.776468	1.446331
4.782351	1.344744
4.788233	1.374997
4.794115	1.439962
4.799998	1.470216
4.805880	1.474993
4.811762	1.455567
4.817645	1.481362
4.823527	1.394423
4.829409	1.372768
4.835292	1.470534
4.841174	1.373086
4.847056	1.555244
4.852939	1.416078
4.858821	1.414167
4.864703	1.386461
4.870586	1.358437
4.876468	1.539321
4.882350	1.493463
4.888233	1.373086
4.894115	1.419263
4.899998	1.534226
4.905880	1.457159
4.911762	1.484228
4.917645	1.253346
4.923527	1.324044
4.929409	1.500469
4.935292	1.418944
4.941174	1.270543
4.947056	1.364169
4.952939	1.403340
4.958821	1.563205
4.964703	1.291880
4.970586	1.262582
4.976468	1.458751
4.982350	1.456840
4.988233	1.490597
4.994115	1.330413

