0.000000	1.668296
0.005882	1.655558
0.011765	1.676576
0.017647	1.618298
0.023529	1.632629
0.029412	1.678487
0.035294	1.674347
0.041176	1.659698
0.047059	1.700460
0.052941	1.628170
0.058824	1.673073
0.064706	1.593140
0.070588	1.658105
0.076471	1.677850
0.082353	1.656513
0.088235	1.680716
0.094118	1.658424
0.100000	1.669888
0.105882	1.673710
0.111765	1.660016
0.117647	1.670844
0.123529	1.664474
0.129412	1.654921
0.135294	1.676894
0.141176	1.638043
0.147059	1.669570
0.152941	1.654921
0.158823	1.660334
0.164706	1.659061
0.170588	1.612566
0.176471	1.661608
0.182353	1.660653
0.188235	1.651418
0.194118	1.657468
0.200000	1.656831
0.205882	1.672117
0.211765	1.667022
0.217647	1.667977
0.223529	1.638679
0.229412	1.610337
0.235294	1.676257
0.241176	1.634221
0.247059	1.671162
0.252941	1.618617
0.258823	1.657150
0.264706	1.649825
0.270588	1.667341
0.276470	1.667022
0.282353	1.664156
0.288235	1.661290
0.294117	1.646004
0.300000	1.695365
0.305882	1.640909
0.311765	1.665111
0.317647	1.631992
0.323529	1.633903
0.329412	1.661290
0.335294	1.659379
0.341176	1.667659
0.347059	1.647915
0.352941	1.654921
0.358823	1.679442
0.364706	1.654602
0.370588	1.657150
0.376470	1.665111
0.382353	1.651418
0.388235	1.660334
0.394117	1.656831
0.400000	1.688040
0.405882	1.652692
0.411764	1.677531
0.417647	1.665430
0.423529	1.634858
0.429412	1.674347
0.435294	1.655239
0.441176	1.682945
0.447059	1.666385
0.452941	1.643138
0.458823	1.679442
0.464706	1.658424
0.470588	1.675302
0.476470	1.539639
0.482353	1.631355
0.488235	1.659698
0.494117	1.685493
0.500000	1.646322
0.505882	1.670207
0.511764	1.652373
0.517647	1.647278
0.523529	1.668933
0.529411	1.649507
0.535294	1.671799
0.541176	1.670207
0.547059	1.660334
0.552941	1.663201
0.558823	1.641864
0.564706	1.660016
0.570588	1.667977
0.576470	1.676576
0.582353	1.671162
0.588235	1.637724
0.594117	1.677213
0.600000	1.665430
0.605882	1.686448
0.611764	1.656195
0.617647	1.654284
0.623529	1.667659
0.629411	1.680079
0.635294	1.659379
0.641176	1.663201
0.647058	1.645049
0.652941	1.686130
0.658823	1.514800
0.664706	1.649825
0.670588	1.681671
0.676470	1.660016
0.682353	1.657787
0.688235	1.650144
0.694117	1.647596
0.700000	1.674665
0.705882	1.641864
0.711764	1.650144
0.717647	1.688677
0.723529	1.670525
0.729411	1.664793
0.735294	1.674984
0.741176	1.631355
0.747058	1.663201
0.752941	1.666067
0.758823	1.682626
0.764705	1.664156
0.770588	1.636132
0.776470	1.679123
0.782353	1.648552
0.788235	1.665748
0.794117	1.671480
0.800000	1.646641
0.805882	1.656195
0.811764	1.652692
0.817647	1.675939
0.823529	1.687085
0.829411	1.676257
0.835294	1.681353
0.841176	1.622757
0.847058	1.656513
0.852941	1.673391
0.858823	1.642819
0.864705	1.656195
0.870588	1.641546
0.876470	1.665111
0.882352	1.666067
0.888235	1.655876
0.894117	1.691862
0.900000	1.647278
0.905882	1.668614
0.911764	1.678805
0.917647	1.638361
0.923529	1.671799
0.929411	1.648233
0.935294	1.657468
0.941176	1.669570
0.947058	1.655876
0.952941	1.656195
0.958823	1.661608
0.964705	1.673073
0.970588	1.631036
0.976470	1.656831
0.982352	1.664474
0.988235	1.667022
0.994117	1.663201
0.999999	1.643775
1.005882	1.672117
1.011764	1.649189
1.017647	1.661927
1.023529	1.580402
1.029411	1.667341
1.035294	1.658105
1.041176	1.675302
1.047058	1.680716
1.052941	1.662245
1.058823	1.675302
1.064705	1.659698
1.070588	1.657787
1.076470	1.689951
1.082352	1.665430
1.088235	1.664156
1.094117	1.672117
1.099999	1.659061
1.105882	1.673391
1.111764	1.672436
1.117646	1.661608
1.123529	1.653010
1.129411	1.663838
1.135294	1.679442
1.141176	1.650781
1.147058	1.659061
1.152941	1.495055
1.158823	1.613203
1.164705	1.666704
1.170588	1.654921
1.176470	1.685493
1.182352	1.633903
1.188235	1.667977
1.194117	1.664793
1.199999	1.650144
1.205882	1.669570
1.211764	1.647278
1.217646	1.668614
1.223529	1.653010
1.229411	1.634221
1.235294	1.670207
1.241176	1.657787
1.247058	1.603331
1.252941	1.680079
1.258823	1.664474
1.264705	1.669251
1.270588	1.674028
1.276470	1.659698
1.282352	1.639953
1.288235	1.640590
1.294117	1.673710
1.299999	1.657468
1.305882	1.663519
1.311764	1.643456
1.317646	1.645685
1.323529	1.644730
1.329411	1.658105
1.335293	1.658424
1.341176	1.658742
1.347058	1.656831
1.352940	1.684219
1.358823	1.628170
1.364705	1.667022
1.370588	1.670207
1.376470	1.651418
1.382352	1.643138
1.388235	1.617343
1.394117	1.631355
1.399999	1.670525
1.405882	1.650781
1.411764	1.655558
1.417646	1.670207
1.423529	1.655558
1.429411	1.683263
1.435293	1.658105
1.441176	1.653647
1.447058	1.679760
1.452940	1.697276
1.458823	1.676576
1.464705	1.673073
1.470587	1.660653
1.476470	1.651736
1.482352	1.644730
1.488235	1.645685
1.494117	1.673391
1.499999	1.655558
1.505882	1.655239
1.511764	1.671480
1.517646	1.648552
1.523529	1.666704
1.529411	1.655876
1.535293	1.665430
1.541176	1.656513
1.547058	1.675620
1.552940	1.669888
1.558823	1.655239
1.564705	1.678805
1.570587	1.668614
1.576470	1.653010
1.582352	1.631673
1.588234	1.629126
1.594117	1.660334
1.599999	1.638679
1.605882	1.652692
1.611764	1.681353
1.617646	1.667659
1.623529	1.660016
1.629411	1.680716
1.635293	1.638679
1.641176	1.664474
1.647058	1.660016
1.652940	1.670844
1.658823	1.653965
1.664705	1.678487
1.670587	1.690269
1.676470	1.670525
1.682352	1.668296
1.688234	1.657150
1.694117	1.666067
1.699999	1.654284
1.705881	1.623393
1.711764	1.673073
1.717646	1.650781
1.723529	1.674347
1.729411	1.649507
1.735293	1.661608
1.741176	1.646004
1.747058	1.648233
1.752940	1.677850
1.758823	1.662564
1.764705	1.662564
1.770587	1.622120
1.776470	1.674984
1.782352	1.658424
1.788234	1.653965
1.794117	1.685811
1.799999	1.675620
1.805881	1.645367
1.811764	1.679442
1.817646	1.657787
1.823528	1.664793
1.829411	1.674347
1.835293	1.626578
1.841176	1.667977
1.847058	1.627852
1.852940	1.617024
1.858823	1.685174
1.864705	1.619572
1.870587	1.674028
1.876470	1.633584
1.882352	1.665111
1.888234	1.666067
1.894117	1.653965
1.899999	1.671162
1.905881	1.603968
1.911764	1.633266
1.917646	1.675302
1.923528	1.522443
1.929411	1.621164
1.935293	1.632310
1.941175	1.654602
1.947058	1.630718
1.952940	1.685493
1.958823	1.673391
1.964705	1.665111
1.970587	1.664156
1.976470	1.660334
1.982352	1.636132
1.988234	1.674984
1.994117	1.664156
1.999999	1.669570
2.005881	1.662564
2.011764	1.652692
2.017646	1.655558
2.023528	1.653010
2.029411	1.666067
2.035293	1.660016
2.041175	1.658742
2.047058	1.666704
2.052940	1.671162
2.058822	1.681034
2.064705	1.649507
2.070587	1.560657
2.076470	1.655239
2.082352	1.661290
2.088234	1.675620
2.094117	1.646004
2.099999	1.651099
2.105881	1.679442
2.111764	1.648552
2.117646	1.671799
2.123528	1.638998
2.129411	1.646004
2.135293	1.666385
2.141175	1.658105
2.147058	1.652055
2.152940	1.663201
2.158822	1.656831
2.164705	1.695365
2.170587	1.649189
2.176470	1.674347
2.182352	1.642819
2.188234	1.659698
2.194117	1.679442
2.199999	1.647915
2.205881	1.643775
2.211764	1.652055
2.217646	1.651418
2.223528	1.663838
2.229411	1.620527
2.235293	1.654921
2.241175	1.663519
2.247058	1.668933
2.252940	1.643456
2.258822	1.666385
2.264705	1.669251
2.270587	1.656513
2.276469	1.653965
2.282352	1.651418
2.288234	1.641546
2.294116	1.675939
2.299999	1.638361
2.305881	1.666385
2.311764	1.688677
2.317646	1.665430
2.323528	1.673073
2.329411	1.644412
2.335293	1.626260
2.341175	1.643138
2.347058	1.673073
2.352940	1.665430
2.358822	1.680397
2.364705	1.679123
2.370587	1.661927
2.376469	1.665748
2.382352	1.647278
2.388234	1.658105
2.394116	1.676894
2.399999	1.625941
2.405881	1.656831
2.411763	1.677213
2.417646	1.628489
2.423528	1.672117
2.429411	1.641546
2.435293	1.671162
2.441175	1.665748
2.447058	1.638998
2.452940	1.663519
2.458822	1.648233
2.464705	1.657787
2.470587	1.655239
2.476469	1.653010
2.482352	1.672754
2.488234	1.652373
2.494116	1.655876
2.499999	1.664474
2.505881	1.614795
2.511763	1.680716
2.517646	1.674347
2.523528	1.667341
2.529411	1.656831
2.535293	1.666704
2.541175	1.627852
2.547058	1.655558
2.552940	1.660334
2.558822	1.671480
2.564705	1.667341
2.570587	1.572440
2.576469	1.624986
2.582352	1.661608
2.588234	1.652055
2.594116	1.675302
2.599999	1.591866
2.605881	1.628489
2.611763	1.660334
2.617646	1.656831
2.623528	1.654602
2.629410	1.560339
2.635293	1.634221
2.641175	1.670525
2.647057	1.673391
2.652940	1.669251
2.658822	1.662882
2.664705	1.659061
2.670587	1.661608
2.676469	1.672754
2.682352	1.659061
2.688234	1.670844
2.694116	1.654602
2.699999	1.662245
2.705881	1.667341
2.711763	1.659061
2.717646	1.659061
2.723528	1.619890
2.729410	1.672754
2.735293	1.652692
2.741175	1.639953
2.747057	1.655876
2.752940	1.640272
2.758822	1.651736
2.764704	1.653965
2.770587	1.659379
2.776469	1.649189
2.782352	1.694728
2.788234	1.660971
2.794116	1.661608
2.799999	1.656513
2.805881	1.656513
2.811763	1.666385
2.817646	1.690588
2.823528	1.662882
2.829410	1.622120
2.835293	1.664474
2.841175	1.629444
2.847057	1.655876
2.852940	1.662245
2.858822	1.664156
2.864704	1.668296
2.870587	1.660653
2.876469	1.664474
2.882351	1.653328
2.888234	1.639635
2.894116	1.650781
2.899999	1.683263
2.905881	1.647915
2.911763	1.686130
2.917646	1.663201
2.923528	1.661608
2.929410	1.635176
2.935293	1.646004
2.941175	1.667341
2.947057	1.667659
2.952940	1.672117
2.958822	1.681353
2.964704	1.657787
2.970587	1.670844
2.976469	1.661927
2.982351	1.634858
2.988234	1.663201
2.994116	1.675302
2.999998	1.653010
3.005881	1.644730
3.011763	1.630400
3.017646	1.626897
3.023528	1.681671
3.029410	1.656195
3.035293	1.704282
3.041175	1.657150
3.047057	1.654602
3.052940	1.671799
3.058822	1.655558
3.064704	1.657150
3.070587	1.658424
3.076469	1.662564
3.082351	1.660971
3.088234	1.654602
3.094116	1.659698
3.099998	1.672117
3.105881	1.667341
3.111763	1.648552
3.117646	1.641546
3.123528	1.656195
3.129410	1.637724
3.135293	1.662564
3.141175	1.633903
3.147057	1.662882
3.152940	1.652055
3.158822	1.651099
3.164704	1.669251
3.170587	1.653010
3.176469	1.676576
3.182351	1.653647
3.188234	1.664156
3.194116	1.667022
3.199998	1.650144
3.205881	1.665430
3.211763	1.654921
3.217645	1.673073
3.223528	1.667022
3.229410	1.659061
3.235292	1.667022
3.241175	1.660016
3.247057	1.684856
3.252940	1.638679
3.258822	1.652692
3.264704	1.632629
3.270587	1.667341
3.276469	1.641864
3.282351	1.681671
3.288234	1.616706
3.294116	1.676576
3.299998	1.655876
3.305881	1.654921
3.311763	1.658105
3.317645	1.634221
3.323528	1.686130
3.329410	1.626897
3.335292	1.671480
3.341175	1.672754
3.347057	1.666067
3.352939	1.659061
3.358822	1.655558
3.364704	1.659061
3.370587	1.589319
3.376469	1.619572
3.382351	1.677531
3.388234	1.652055
3.394116	1.674347
3.399998	1.647278
3.405881	1.644730
3.411763	1.702052
3.417645	1.652692
3.423528	1.657150
3.429410	1.673073
3.435292	1.661927
3.441175	1.669888
3.447057	1.670525
3.452939	1.651418
3.458822	1.673391
3.464704	1.652055
3.470587	1.671799
3.476469	1.672754
3.482351	1.629444
3.488234	1.673391
3.494116	1.656513
3.499998	1.680079
3.505881	1.663519
3.511763	1.649507
3.517645	1.671799
3.523528	1.658105
3.529410	1.671480
3.535292	1.646959
3.541175	1.621483
3.547057	1.666704
3.552939	1.649507
3.558822	1.662882
3.564704	1.668614
3.570586	1.650781
3.576469	1.678487
3.582351	1.660334
3.588233	1.660016
3.594116	1.690906
3.599998	1.625304
3.605881	1.671799
3.611763	1.653328
3.617645	1.640909
3.623528	1.674665
3.629410	1.651418
3.635292	1.667341
3.641175	1.682308
3.647057	1.653647
3.652939	1.588045
3.658822	1.620209
3.664704	1.671799
3.670586	1.658424
3.676469	1.620209
3.682351	1.649507
3.688233	1.665111
3.694116	1.625941
3.699998	1.546645
3.705880	1.634221
3.711763	1.653328
3.717645	1.637406
3.723528	1.644730
3.729410	1.669888
3.735292	1.659698
3.741175	1.635176
3.747057	1.676894
3.752939	1.646959
3.758822	1.676257
3.764704	1.659698
3.770586	1.650781
3.776469	1.655558
3.782351	1.653647
3.788233	1.666385
3.794116	1.649507
3.799998	1.690906
3.805880	1.656195
3.811763	1.611292
3.817645	1.681990
3.823527	1.638043
3.829410	1.653965
3.835292	1.646641
3.841175	1.632629
3.847057	1.660653
3.852939	1.659061
3.858822	1.671480
3.864704	1.660971
3.870586	1.633903
3.876469	1.665111
3.882351	1.659698
3.888233	1.653328
3.894116	1.663201
3.899998	1.653328
3.905880	1.660334
3.911763	1.606515
3.917645	1.617343
3.923527	1.661927
3.929410	1.653010
3.935292	1.652055
3.941174	1.656195
3.947057	1.651418
3.952939	1.645049
3.958822	1.681671
3.964704	1.667022
3.970586	1.677531
3.976469	1.654602
3.982351	1.626897
3.988233	1.567982
3.994116	1.642501
3.999998	1.633584
4.005880	1.643138
4.011763	1.653965
4.017645	1.647596
4.023527	1.662882
4.029410	1.664793
4.035292	1.647596
4.041174	1.657150
4.047057	1.638679
4.052939	1.637406
4.058821	1.671799
4.064704	1.666067
4.070586	1.676576
4.076469	1.663201
4.082351	1.644412
4.088233	1.656831
4.094116	1.602057
4.099998	1.676257
4.105880	1.646959
4.111763	1.671162
4.117645	1.611929
4.123527	1.667977
4.129410	1.652373
4.135292	1.656831
4.141174	1.658105
4.147057	1.652373
4.152939	1.649189
4.158821	1.662882
4.164704	1.648233
4.170586	1.662245
4.176468	1.628489
4.182351	1.651736
4.188233	1.676257
4.194116	1.653328
4.199998	1.674984
4.205880	1.671799
4.211763	1.657468
4.217645	1.670207
4.223527	1.651418
4.229410	1.667341
4.235292	1.650144
4.241174	1.654921
4.247057	1.668933
4.252939	1.610974
4.258821	1.672117
4.264704	1.654284
4.270586	1.639953
4.276468	1.642182
4.282351	1.625623
4.288233	1.654284
4.294116	1.666067
4.299998	1.657468
4.305880	1.668614
4.311763	1.663838
4.317645	1.661290
4.323527	1.658105
4.329410	1.653965
4.335292	1.666385
4.341174	1.644730
4.347057	1.663838
4.352939	1.663519
4.358821	1.651099
4.364704	1.667341
4.370586	1.677850
4.376468	1.679760
4.382351	1.679760
4.388233	1.631992
4.394115	1.681990
4.399998	1.646959
4.405880	1.649189
4.411763	1.676257
4.417645	1.635813
4.423527	1.672754
4.429410	1.649507
4.435292	1.662245
4.441174	1.673710
4.447057	1.639635
4.452939	1.685174
4.458821	1.624667
4.464704	1.672754
4.470586	1.641227
4.476468	1.653010
4.482351	1.661608
4.488233	1.640909
4.494115	1.669570
4.499998	1.659379
4.505880	1.647278
4.511762	1.683900
4.517645	1.641864
4.523527	1.645367
4.529409	1.668296
4.535292	1.638679
4.541174	1.676576
4.547057	1.657787
4.552939	1.592185
4.558821	1.672436
4.564704	1.646959
4.570586	1.669570
4.576468	1.649507
4.582351	1.665430
4.588233	1.679760
4.594115	1.675302
4.599998	1.636132
4.605880	1.643138
4.611762	1.652373
4.617645	1.666385
4.623527	1.665430
4.629409	1.639316
4.635292	1.625304
4.641174	1.678168
4.647056	1.558428
4.652939	1.644412
4.658821	1.673391
4.664704	1.667341
4.670586	1.686130
4.676468	1.658424
4.682351	1.656513
4.688233	1.654284
4.694115	1.652373
4.699998	1.676576
4.705880	1.637724
4.711762	1.663519
4.717645	1.665430
4.723527	1.659379
4.729409	1.669888
4.735292	1.640590
4.741174	1.668933
4.747056	1.635813
4.752939	1.648552
4.758821	1.634858
4.764703	1.627533
4.770586	1.671799
4.776468	1.662882
4.782351	1.655876
4.788233	1.623075
4.794115	1.628170
4.799998	1.666067
4.805880	1.653010
4.811762	1.675939
4.817645	1.666385
4.823527	1.661608
4.829409	1.648552
4.835292	1.653010
4.841174	1.660334
4.847056	1.647915
4.852939	1.676257
4.858821	1.664156
4.864703	1.646004
4.870586	1.657150
4.876468	1.671799
4.882350	1.672436
4.888233	1.667022
4.894115	1.661608
4.899998	1.666704
4.905880	1.648233
4.911762	1.600465
4.917645	1.650144
4.923527	1.657787
4.929409	1.651099
4.935292	1.648870
4.941174	1.669251
4.947056	1.627852
4.952939	1.664156
4.958821	1.665430
4.964703	1.646004
4.970586	1.665111
4.976468	1.672117
4.982350	1.659061
4.988233	1.651418
4.994115	1.626260
