LabVIEW Measurement	
Writer_Version	2
Reader_Version	2
Separator	Tab
Decimal_Separator	.
Multi_Headings	Yes
X_Columns	One
Time_Pref	Absolute
Operator	labuser
Date	1904/01/01
Time	01:00:00
***End_of_Header***	
	
Channels	1	
Samples	850	
Date	2022/05/23	
Time	18:24:55.1468711499999272259	
Y_Unit_Label	Volts	
X_Dimension	Time	
X0	0.0000000000000000E+0	
Delta_X	0.005882	
***End_of_Header***		
X_Value	Voltage	Comment
0.000000	1.651418
0.005882	1.644412
0.011765	1.649825
0.017647	1.648233
0.023529	1.645685
0.029412	1.654284
0.035294	1.646004
0.041176	1.651099
0.047059	1.647915
0.052941	1.652373
0.058824	1.645685
0.064706	1.651418
0.070588	1.650462
0.076471	1.649507
0.082353	1.652373
0.088235	1.650781
0.094118	1.654921
0.100000	1.653010
0.105882	1.647915
0.111765	1.654284
0.117647	1.640590
0.123529	1.652373
0.129412	1.653010
0.135294	1.640590
0.141176	1.652692
0.147059	1.645367
0.152941	1.651418
0.158823	1.648233
0.164706	1.650144
0.170588	1.649507
0.176471	1.647596
0.182353	1.652373
0.188235	1.650781
0.194118	1.654921
0.200000	1.647278
0.205882	1.647915
0.211765	1.645049
0.217647	1.650781
0.223529	1.646322
0.229412	1.653647
0.235294	1.641864
0.241176	1.647596
0.247059	1.651099
0.252941	1.642501
0.258823	1.652692
0.264706	1.651418
0.270588	1.647596
0.276470	1.650781
0.282353	1.646322
0.288235	1.653328
0.294117	1.647596
0.300000	1.645685
0.305882	1.653328
0.311765	1.641864
0.317647	1.649507
0.323529	1.646959
0.329412	1.646004
0.335294	1.655558
0.341176	1.646641
0.347059	1.648233
0.352941	1.655558
0.358823	1.642501
0.364706	1.647915
0.370588	1.649189
0.376470	1.639953
0.382353	1.650144
0.388235	1.648233
0.394117	1.648552
0.400000	1.652055
0.405882	1.650462
0.411764	1.654284
0.417647	1.652055
0.423529	1.646004
0.429412	1.655876
0.435294	1.640590
0.441176	1.650781
0.447059	1.646959
0.452941	1.643775
0.458823	1.653328
0.464706	1.638998
0.470588	1.647278
0.476470	1.648552
0.482353	1.644412
0.488235	1.653010
0.494117	1.648870
0.500000	1.649507
0.505882	1.651418
0.511764	1.649189
0.517647	1.654602
0.523529	1.650144
0.529411	1.648552
0.535294	1.655239
0.541176	1.645049
0.547059	1.651418
0.552941	1.652692
0.558823	1.641227
0.564706	1.654921
0.570588	1.647915
0.576470	1.648233
0.582353	1.652692
0.588235	1.645367
0.594117	1.652373
0.600000	1.652055
0.605882	1.643775
0.611764	1.647915
0.617647	1.650781
0.623529	1.644093
0.629411	1.650781
0.635294	1.648552
0.641176	1.647278
0.647058	1.653328
0.652941	1.643138
0.658823	1.650781
0.664706	1.643138
0.670588	1.645685
0.676470	1.649507
0.682353	1.642501
0.688235	1.650144
0.694117	1.643138
0.700000	1.647596
0.705882	1.645685
0.711764	1.644730
0.717647	1.651736
0.723529	1.647915
0.729411	1.649507
0.735294	1.650462
0.741176	1.647278
0.747058	1.652692
0.752941	1.652692
0.758823	1.642501
0.764705	1.653647
0.770588	1.643138
0.776470	1.650462
0.782353	1.648552
0.788235	1.646959
0.794117	1.647596
0.800000	1.656195
0.805882	1.637406
0.811764	1.653965
0.817647	1.646004
0.823529	1.645685
0.829411	1.654921
0.835294	1.641227
0.841176	1.655239
0.847058	1.646322
0.852941	1.649507
0.858823	1.649507
0.864705	1.646959
0.870588	1.651736
0.876470	1.647278
0.882352	1.650781
0.888235	1.650462
0.894117	1.651418
0.900000	1.649825
0.905882	1.651736
0.911764	1.650781
0.917647	1.648233
0.923529	1.656831
0.929411	1.643456
0.935294	1.653328
0.941176	1.645049
0.947058	1.644093
0.952941	1.655239
0.958823	1.639316
0.964705	1.654602
0.970588	1.642501
0.976470	1.645049
0.982352	1.650462
0.988235	1.638998
0.994117	1.652373
0.999999	1.643775
1.005882	1.652692
1.011764	1.650462
1.017647	1.645367
1.023529	1.654921
1.029411	1.647278
1.035294	1.648552
1.041176	1.655239
1.047058	1.642819
1.052941	1.651736
1.058823	1.647915
1.064705	1.649825
1.070588	1.651418
1.076470	1.646004
1.082352	1.655239
1.088235	1.638043
1.094117	1.650144
1.099999	1.656831
1.105882	1.640909
1.111764	1.656513
1.117646	1.638361
1.123529	1.650144
1.129411	1.646004
1.135294	1.636132
1.141176	1.658742
1.147058	1.635176
1.152941	1.647915
1.158823	1.641227
1.164705	1.640272
1.170588	1.655239
1.176470	1.642501
1.182352	1.645367
1.188235	1.652373
1.194117	1.638679
1.199999	1.651736
1.205882	1.648233
1.211764	1.643775
1.217646	1.653647
1.223529	1.640272
1.229411	1.653010
1.235294	1.644412
1.241176	1.651418
1.247058	1.652692
1.252941	1.644093
1.258823	1.653965
1.264705	1.649507
1.270588	1.639953
1.276470	1.654602
1.282352	1.641864
1.288235	1.647596
1.294117	1.652055
1.299999	1.640909
1.305882	1.651418
1.311764	1.649825
1.317646	1.650781
1.323529	1.653010
1.329411	1.647915
1.335293	1.649825
1.341176	1.641864
1.347058	1.650144
1.352940	1.650144
1.358823	1.642501
1.364705	1.655558
1.370588	1.642501
1.376470	1.650144
1.382352	1.651736
1.388235	1.642501
1.394117	1.654284
1.399999	1.639953
1.405882	1.651736
1.411764	1.645367
1.417646	1.643775
1.423529	1.653010
1.429411	1.646641
1.435293	1.652055
1.441176	1.649189
1.447058	1.643456
1.452940	1.653328
1.458823	1.643775
1.464705	1.649507
1.470587	1.652692
1.476470	1.640272
1.482352	1.652692
1.488235	1.651418
1.494117	1.645049
1.499999	1.653328
1.505882	1.645049
1.511764	1.651736
1.517646	1.650781
1.523529	1.638043
1.529411	1.654921
1.535293	1.643775
1.541176	1.648552
1.547058	1.652055
1.552940	1.650144
1.558823	1.655876
1.564705	1.648233
1.570587	1.646641
1.576470	1.651418
1.582352	1.645049
1.588234	1.657787
1.594117	1.647278
1.599999	1.639953
1.605882	1.655239
1.611764	1.641546
1.617646	1.650462
1.623529	1.651099
1.629411	1.647915
1.635293	1.650462
1.641176	1.642819
1.647058	1.652055
1.652940	1.645049
1.658823	1.645367
1.664705	1.653965
1.670587	1.646959
1.676470	1.649825
1.682352	1.653965
1.688234	1.645685
1.694117	1.654921
1.699999	1.645049
1.705881	1.648870
1.711764	1.648552
1.717646	1.648870
1.723529	1.651736
1.729411	1.642501
1.735293	1.654602
1.741176	1.651099
1.747058	1.639316
1.752940	1.653010
1.758823	1.642501
1.764705	1.651099
1.770587	1.651736
1.776470	1.645367
1.782352	1.653965
1.788234	1.646004
1.794117	1.648870
1.799999	1.650462
1.805881	1.653010
1.811764	1.651736
1.817646	1.653010
1.823528	1.649507
1.829411	1.650781
1.835293	1.651099
1.841176	1.648870
1.847058	1.654921
1.852940	1.654284
1.858823	1.647278
1.864705	1.655239
1.870587	1.643775
1.876470	1.646322
1.882352	1.656513
1.888234	1.641864
1.894117	1.652373
1.899999	1.642182
1.905881	1.651736
1.911764	1.644412
1.917646	1.640909
1.923528	1.653965
1.929411	1.642182
1.935293	1.651418
1.941175	1.645049
1.947058	1.647596
1.952940	1.654921
1.958823	1.644412
1.964705	1.650462
1.970587	1.646641
1.976470	1.652373
1.982352	1.646322
1.988234	1.652373
1.994117	1.649507
1.999999	1.651736
2.005881	1.649825
2.011764	1.653010
2.017646	1.644730
2.023528	1.653010
2.029411	1.653328
2.035293	1.647278
2.041175	1.651099
2.047058	1.649507
2.052940	1.651099
2.058822	1.652055
2.064705	1.645685
2.070587	1.658105
2.076470	1.645367
2.082352	1.645367
2.088234	1.655876
2.094117	1.638043
2.099999	1.649825
2.105881	1.639316
2.111764	1.649507
2.117646	1.650144
2.123528	1.646004
2.129411	1.648233
2.135293	1.648233
2.141175	1.649507
2.147058	1.649825
2.152940	1.646641
2.158822	1.649507
2.164705	1.647915
2.170587	1.652373
2.176470	1.649189
2.182352	1.651736
2.188234	1.654602
2.194117	1.642819
2.199999	1.652692
2.205881	1.652692
2.211764	1.646641
2.217646	1.649189
2.223528	1.650462
2.229411	1.646641
2.235293	1.653647
2.241175	1.648870
2.247058	1.650144
2.252940	1.652692
2.258822	1.636769
2.264705	1.653328
2.270587	1.645367
2.276469	1.645367
2.282352	1.652692
2.288234	1.640590
2.294116	1.650144
2.299999	1.646322
2.305881	1.652692
2.311764	1.646004
2.317646	1.650781
2.323528	1.652692
2.329411	1.646959
2.335293	1.648233
2.341175	1.649825
2.347058	1.647915
2.352940	1.656831
2.358822	1.642501
2.364705	1.648233
2.370587	1.655239
2.376469	1.647915
2.382352	1.650144
2.388234	1.647596
2.394116	1.642819
2.399999	1.653965
2.405881	1.644093
2.411763	1.646959
2.417646	1.646959
2.423528	1.647278
2.429411	1.651099
2.435293	1.645367
2.441175	1.652692
2.447058	1.651736
2.452940	1.651418
2.458822	1.653010
2.464705	1.652373
2.470587	1.642501
2.476469	1.651099
2.482352	1.648552
2.488234	1.645049
2.494116	1.654602
2.499999	1.637406
2.505881	1.652692
2.511763	1.649825
2.517646	1.636450
2.523528	1.651418
2.529411	1.636769
2.535293	1.650144
2.541175	1.647278
2.547058	1.643138
2.552940	1.650462
2.558822	1.635176
2.564705	1.649507
2.570587	1.650781
2.576469	1.632947
2.582352	1.652692
2.588234	1.638679
2.594116	1.646641
2.599999	1.645049
2.605881	1.647915
2.611763	1.651736
2.617646	1.645049
2.623528	1.647278
2.629410	1.646322
2.635293	1.645367
2.641175	1.652692
2.647057	1.640272
2.652940	1.653328
2.658822	1.643775
2.664705	1.648552
2.670587	1.652692
2.676469	1.647596
2.682352	1.649189
2.688234	1.644412
2.694116	1.647596
2.699999	1.647596
2.705881	1.651418
2.711763	1.646004
2.717646	1.651418
2.723528	1.649825
2.729410	1.644730
2.735293	1.653328
2.741175	1.642501
2.747057	1.652692
2.752940	1.650781
2.758822	1.641864
2.764704	1.652692
2.770587	1.646004
2.776469	1.645049
2.782352	1.651736
2.788234	1.636769
2.794116	1.646004
2.799999	1.640909
2.805881	1.648552
2.811763	1.649507
2.817646	1.646641
2.823528	1.648870
2.829410	1.641227
2.835293	1.655876
2.841175	1.645367
2.847057	1.643456
2.852940	1.647278
2.858822	1.648233
2.864704	1.650144
2.870587	1.645367
2.876469	1.650781
2.882351	1.646959
2.888234	1.645367
2.894116	1.652055
2.899999	1.642501
2.905881	1.653328
2.911763	1.651418
2.917646	1.633903
2.923528	1.653647
2.929410	1.635176
2.935293	1.649825
2.941175	1.643456
2.947057	1.642501
2.952940	1.653328
2.958822	1.640909
2.964704	1.648233
2.970587	1.648870
2.976469	1.631355
2.982351	1.647596
2.988234	1.643138
2.994116	1.623075
2.999998	1.653010
3.005881	1.638679
3.011763	1.634858
3.017646	1.650462
3.023528	1.623075
3.029410	1.654921
3.035293	1.631355
3.041175	1.645049
3.047057	1.652055
3.052940	1.628489
3.058822	1.656831
3.064704	1.636132
3.070587	1.648870
3.076469	1.648552
3.082351	1.645685
3.088234	1.651418
3.094116	1.640909
3.099998	1.650144
3.105881	1.644730
3.111763	1.643456
3.117646	1.659061
3.123528	1.636450
3.129410	1.635495
3.135293	1.659379
3.141175	1.631036
3.147057	1.650781
3.152940	1.644093
3.158822	1.642501
3.164704	1.653965
3.170587	1.634221
3.176469	1.647915
3.182351	1.645367
3.188234	1.642182
3.194116	1.652055
3.199998	1.640272
3.205881	1.650144
3.211763	1.648870
3.217645	1.646641
3.223528	1.652373
3.229410	1.643456
3.235292	1.650144
3.241175	1.648552
3.247057	1.648552
3.252940	1.656195
3.258822	1.641864
3.264704	1.654284
3.270587	1.648233
3.276469	1.653010
3.282351	1.646641
3.288234	1.647915
3.294116	1.652692
3.299998	1.643775
3.305881	1.644093
3.311763	1.655558
3.317645	1.643775
3.323528	1.653328
3.329410	1.643138
3.335292	1.650144
3.341175	1.650144
3.347057	1.647596
3.352939	1.653965
3.358822	1.646322
3.364704	1.652692
3.370587	1.652373
3.376469	1.642819
3.382351	1.650781
3.388234	1.650144
3.394116	1.654602
3.399998	1.650144
3.405881	1.648870
3.411763	1.644730
3.417645	1.651418
3.423528	1.647596
3.429410	1.651418
3.435292	1.652692
3.441175	1.653328
3.447057	1.647915
3.452939	1.654602
3.458822	1.648870
3.464704	1.651418
3.470587	1.652055
3.476469	1.647915
3.482351	1.657150
3.488234	1.642819
3.494116	1.646959
3.499998	1.654602
3.505881	1.640272
3.511763	1.649825
3.517645	1.650144
3.523528	1.645367
3.529410	1.655876
3.535292	1.639953
3.541175	1.652692
3.547057	1.650144
3.552939	1.644730
3.558822	1.653010
3.564704	1.642819
3.570586	1.654921
3.576469	1.646004
3.582351	1.647278
3.588233	1.652692
3.594116	1.647278
3.599998	1.651418
3.605881	1.647278
3.611763	1.650781
3.617645	1.653010
3.623528	1.646322
3.629410	1.655239
3.635292	1.645685
3.641175	1.647278
3.647057	1.651418
3.652939	1.640272
3.658822	1.654921
3.664704	1.646959
3.670586	1.647278
3.676469	1.653965
3.682351	1.640272
3.688233	1.651099
3.694116	1.648552
3.699998	1.650462
3.705880	1.654284
3.711763	1.639953
3.717645	1.651418
3.723528	1.649825
3.729410	1.646004
3.735292	1.655876
3.741175	1.641864
3.747057	1.650781
3.752939	1.642501
3.758822	1.653010
3.764704	1.652692
3.770586	1.643456
3.776469	1.651736
3.782351	1.639953
3.788233	1.656831
3.794116	1.643775
3.799998	1.644730
3.805880	1.654284
3.811763	1.641227
3.817645	1.649189
3.823527	1.648870
3.829410	1.644730
3.835292	1.651418
3.841175	1.648233
3.847057	1.653965
3.852939	1.650144
3.858822	1.648870
3.864704	1.647915
3.870586	1.654284
3.876469	1.648552
3.882351	1.647278
3.888233	1.653965
3.894116	1.644412
3.899998	1.652373
3.905880	1.649189
3.911763	1.641227
3.917645	1.655558
3.923527	1.640590
3.929410	1.652055
3.935292	1.650781
3.941174	1.641864
3.947057	1.652055
3.952939	1.644730
3.958822	1.650462
3.964704	1.649189
3.970586	1.644412
3.976469	1.652692
3.982351	1.644412
3.988233	1.644412
3.994116	1.655239
3.999998	1.647915
4.005880	1.646641
4.011763	1.646641
4.017645	1.644730
4.023527	1.652692
4.029410	1.646959
4.035292	1.652373
4.041174	1.653328
4.047057	1.642501
4.052939	1.650781
4.058821	1.644093
4.064704	1.643775
4.070586	1.656831
4.076469	1.634858
4.082351	1.648870
4.088233	1.652055
4.094116	1.635495
4.099998	1.654284
4.105880	1.638361
4.111763	1.652055
4.117645	1.647278
4.123527	1.636450
4.129410	1.654284
4.135292	1.636450
4.141174	1.649825
4.147057	1.645049
4.152939	1.638998
4.158821	1.656195
4.164704	1.642501
4.170586	1.647915
4.176468	1.648552
4.182351	1.646322
4.188233	1.652692
4.194116	1.646959
4.199998	1.652692
4.205880	1.647915
4.211763	1.651418
4.217645	1.652692
4.223527	1.647278
4.229410	1.652692
4.235292	1.642501
4.241174	1.655876
4.247057	1.654284
4.252939	1.637087
4.258821	1.655558
4.264704	1.640909
4.270586	1.646959
4.276468	1.648870
4.282351	1.644412
4.288233	1.655876
4.294116	1.642501
4.299998	1.648233
4.305880	1.649189
4.311763	1.642501
4.317645	1.656831
4.323527	1.643456
4.329410	1.648233
4.335292	1.645685
4.341174	1.638998
4.347057	1.652055
4.352939	1.636769
4.358821	1.646004
4.364704	1.650462
4.370586	1.644730
4.376468	1.651099
4.382351	1.647915
4.388233	1.647915
4.394115	1.653328
4.399998	1.638043
4.405880	1.648552
4.411763	1.643138
4.417645	1.647596
4.423527	1.651736
4.429410	1.638998
4.435292	1.652055
4.441174	1.646959
4.447057	1.645685
4.452939	1.652373
4.458821	1.644730
4.464704	1.646959
4.470586	1.650781
4.476468	1.646322
4.482351	1.647915
4.488233	1.649189
4.494115	1.651099
4.499998	1.648552
4.505880	1.650781
4.511762	1.653328
4.517645	1.645367
4.523527	1.656513
4.529409	1.652055
4.535292	1.643775
4.541174	1.657468
4.547057	1.638679
4.552939	1.649189
4.558821	1.647596
4.564704	1.644412
4.570586	1.653328
4.576468	1.643138
4.582351	1.654602
4.588233	1.647915
4.594115	1.646959
4.599998	1.652055
4.605880	1.647596
4.611762	1.649825
4.617645	1.648870
4.623527	1.646322
4.629409	1.653010
4.635292	1.648870
4.641174	1.645367
4.647056	1.651736
4.652939	1.647915
4.658821	1.644412
4.664704	1.657787
4.670586	1.636769
4.676468	1.644730
4.682351	1.648233
4.688233	1.634539
4.694115	1.654284
4.699998	1.636769
4.705880	1.646322
4.711762	1.644730
4.717645	1.638043
4.723527	1.651736
4.729409	1.646959
4.735292	1.643775
4.741174	1.653328
4.747056	1.640272
4.752939	1.644412
4.758821	1.648233
4.764703	1.630400
4.770586	1.650144
4.776468	1.646641
4.782351	1.635176
4.788233	1.650462
4.794115	1.636450
4.799998	1.650462
4.805880	1.647278
4.811762	1.644412
4.817645	1.649825
4.823527	1.642501
4.829409	1.652692
4.835292	1.639635
4.841174	1.649189
4.847056	1.645367
4.852939	1.644730
4.858821	1.649507
4.864703	1.648870
4.870586	1.653328
4.876468	1.649189
4.882350	1.652692
4.888233	1.646322
4.894115	1.652373
4.899998	1.651418
4.905880	1.651418
4.911762	1.652055
4.917645	1.650781
4.923527	1.653010
4.929409	1.645049
4.935292	1.649507
4.941174	1.655239
4.947056	1.640590
4.952939	1.652692
4.958821	1.646641
4.964703	1.647915
4.970586	1.650462
4.976468	1.647915
4.982350	1.652055
4.988233	1.645685
4.994115	1.650462

