LabVIEW Measurement	
Writer_Version	2
Reader_Version	2
Separator	Tab
Decimal_Separator	.
Multi_Headings	Yes
X_Columns	One
Time_Pref	Absolute
Operator	labuser
Date	1904/01/01
Time	01:00:00
***End_of_Header***	
	
Channels	1	
Samples	850	
Date	2022/05/23	
Time	18:05:22.4152428499997882646	
Y_Unit_Label	Volts	
X_Dimension	Time	
X0	0.0000000000000000E+0	
Delta_X	0.005882	
***End_of_Header***		
X_Value	Voltage	Comment
0.000000	1.628489
0.005882	1.589956
0.011765	1.624667
0.017647	1.584860
0.023529	1.626578
0.029412	1.595688
0.035294	1.618935
0.041176	1.581994
0.047059	1.605878
0.052941	1.548556
0.058824	1.606834
0.064706	1.596006
0.070588	1.601420
0.076471	1.614795
0.082353	1.590274
0.088235	1.629444
0.094118	1.597280
0.100000	1.637406
0.105882	1.576262
0.111765	1.624667
0.117647	1.508112
0.123529	1.613203
0.129412	1.578173
0.135294	1.609381
0.141176	1.592822
0.147059	1.590274
0.152941	1.623712
0.158823	1.585816
0.164706	1.623393
0.170588	1.573396
0.176471	1.624349
0.182353	1.576899
0.188235	1.623712
0.194118	1.562250
0.200000	1.607789
0.205882	1.579446
0.211765	1.605241
0.217647	1.612247
0.223529	1.588045
0.229412	1.629763
0.235294	1.588363
0.241176	1.640590
0.247059	1.592822
0.252941	1.624667
0.258823	1.586452
0.264706	1.617661
0.270588	1.539002
0.276470	1.607152
0.282353	1.602694
0.288235	1.599191
0.294117	1.619890
0.300000	1.591229
0.305882	1.629126
0.311765	1.585497
0.317647	1.622757
0.323529	1.583586
0.329412	1.626578
0.335294	1.592503
0.341176	1.627215
0.347059	1.580720
0.352941	1.605241
0.358823	1.614477
0.364706	1.600783
0.370588	1.603012
0.376470	1.594414
0.382353	1.614795
0.388235	1.597280
0.394117	1.634221
0.400000	1.565753
0.405882	1.625623
0.411764	1.584542
0.417647	1.621483
0.423529	1.617661
0.429412	1.614795
0.435294	1.554288
0.441176	1.606834
0.447059	1.599828
0.452941	1.603012
0.458823	1.612247
0.464706	1.598554
0.470588	1.623393
0.476470	1.591866
0.482353	1.631992
0.488235	1.581994
0.494117	1.635813
0.500000	1.582313
0.505882	1.629126
0.511764	1.546327
0.517647	1.621164
0.523529	1.574033
0.529411	1.612566
0.535294	1.487731
0.541176	1.606197
0.547059	1.581994
0.552941	1.603012
0.558823	1.623393
0.564706	1.590592
0.570588	1.618617
0.576470	1.587089
0.582353	1.653010
0.588235	1.596006
0.594117	1.627533
0.600000	1.579765
0.605882	1.622757
0.611764	1.592822
0.617647	1.624030
0.623529	1.513207
0.629411	1.616387
0.635294	1.577854
0.641176	1.609063
0.647058	1.605560
0.652941	1.607471
0.658823	1.524672
0.664706	1.595688
0.670588	1.619254
0.676470	1.597598
0.682353	1.623712
0.688235	1.592185
0.694117	1.625941
0.700000	1.590274
0.705882	1.649825
0.711764	1.571485
0.717647	1.631355
0.723529	1.580720
0.729411	1.631036
0.735294	1.574670
0.741176	1.614158
0.747058	1.578491
0.752941	1.608108
0.758823	1.555244
0.764705	1.596643
0.770588	1.625623
0.776470	1.584860
0.782353	1.620527
0.788235	1.591866
0.794117	1.637087
0.800000	1.582631
0.805882	1.624667
0.811764	1.584223
0.817647	1.616706
0.823529	1.594095
0.829411	1.610018
0.835294	1.610337
0.841176	1.609063
0.847058	1.622120
0.852941	1.599191
0.858823	1.609381
0.864705	1.591229
0.870588	1.627852
0.876470	1.592822
0.882352	1.618935
0.888235	1.574033
0.894117	1.624030
0.900000	1.579765
0.905882	1.612247
0.911764	1.588363
0.917647	1.606515
0.923529	1.612566
0.929411	1.597917
0.935294	1.618298
0.941176	1.584223
0.947058	1.627852
0.952941	1.592185
0.958823	1.626260
0.964705	1.586452
0.970588	1.630400
0.976470	1.589637
0.982352	1.613521
0.988235	1.540913
0.994117	1.606834
0.999999	1.621801
1.005882	1.599509
1.011764	1.628807
1.017647	1.590274
1.023529	1.628170
1.029411	1.589637
1.035294	1.639635
1.041176	1.589319
1.047058	1.622438
1.052941	1.571167
1.058823	1.613203
1.064705	1.560021
1.070588	1.603649
1.076470	1.562887
1.082352	1.594732
1.088235	1.578810
1.094117	1.594095
1.099999	1.623393
1.105882	1.579128
1.111764	1.625941
1.117646	1.568937
1.123529	1.611929
1.129411	1.585179
1.135294	1.614477
1.141176	1.604605
1.147058	1.604605
1.152941	1.614795
1.158823	1.596962
1.164705	1.610018
1.170588	1.589637
1.176470	1.649825
1.182352	1.585497
1.188235	1.635176
1.194117	1.547919
1.199999	1.615114
1.205882	1.552059
1.211764	1.605878
1.217646	1.603649
1.223529	1.596325
1.229411	1.614158
1.235294	1.574988
1.241176	1.648233
1.247058	1.584860
1.252941	1.639953
1.258823	1.557154
1.264705	1.621164
1.270588	1.574351
1.276470	1.621164
1.282352	1.553014
1.288235	1.602057
1.294117	1.563842
1.299999	1.597280
1.305882	1.582631
1.311764	1.593459
1.317646	1.623393
1.323529	1.587089
1.329411	1.628489
1.335293	1.580402
1.341176	1.623075
1.347058	1.587408
1.352940	1.611929
1.358823	1.600146
1.364705	1.600783
1.370588	1.589000
1.376470	1.593777
1.382352	1.555244
1.388235	1.583586
1.394117	1.624349
1.399999	1.584860
1.405882	1.618935
1.411764	1.599191
1.417646	1.619254
1.423529	1.553014
1.429411	1.603649
1.435293	1.577217
1.441176	1.602375
1.447058	1.613840
1.452940	1.594732
1.458823	1.607471
1.464705	1.595369
1.470587	1.618935
1.476470	1.584542
1.482352	1.632947
1.488235	1.579765
1.494117	1.616069
1.499999	1.593459
1.505882	1.610018
1.511764	1.541550
1.517646	1.603968
1.523529	1.628170
1.529411	1.598872
1.535293	1.614158
1.541176	1.593459
1.547058	1.620209
1.552940	1.585816
1.558823	1.627215
1.564705	1.581357
1.570587	1.625941
1.576470	1.559384
1.582352	1.609700
1.588234	1.590911
1.594117	1.599509
1.599999	1.598235
1.605882	1.603331
1.611764	1.615114
1.617646	1.593140
1.623529	1.626260
1.629411	1.579765
1.635293	1.639953
1.641176	1.560339
1.647058	1.616706
1.652940	1.582949
1.658823	1.610337
1.664705	1.600146
1.670587	1.601738
1.676470	1.618935
1.682352	1.593140
1.688234	1.634221
1.694117	1.575625
1.699999	1.630400
1.705881	1.581039
1.711764	1.619572
1.717646	1.546327
1.723529	1.614477
1.729411	1.576580
1.735293	1.609381
1.741176	1.583268
1.747058	1.597598
1.752940	1.624986
1.758823	1.596643
1.764705	1.633584
1.770587	1.589000
1.776470	1.626260
1.782352	1.540276
1.788234	1.631673
1.794117	1.589000
1.799999	1.613840
1.805881	1.593459
1.811764	1.607789
1.817646	1.522443
1.823528	1.603331
1.829411	1.613203
1.835293	1.595688
1.841176	1.628807
1.847058	1.584223
1.852940	1.608108
1.858823	1.589637
1.864705	1.624030
1.870587	1.576899
1.876470	1.617343
1.882352	1.586134
1.888234	1.606197
1.894117	1.562887
1.899999	1.600146
1.905881	1.613203
1.911764	1.592503
1.917646	1.627215
1.923528	1.583268
1.929411	1.656513
1.935293	1.604286
1.941175	1.619572
1.947058	1.550785
1.952940	1.612247
1.958823	1.609063
1.964705	1.607471
1.970587	1.621164
1.976470	1.592822
1.982352	1.631673
1.988234	1.585816
1.994117	1.630400
1.999999	1.592503
2.005881	1.637724
2.011764	1.585179
2.017646	1.615114
2.023528	1.607471
2.029411	1.609700
2.035293	1.570530
2.041175	1.600783
2.047058	1.575306
2.052940	1.592503
2.058822	1.625623
2.064705	1.589319
2.070587	1.644093
2.076470	1.578491
2.082352	1.628170
2.088234	1.521169
2.094117	1.614158
2.099999	1.588363
2.105881	1.611929
2.111764	1.602375
2.117646	1.607471
2.123528	1.606515
2.129411	1.587408
2.135293	1.640909
2.141175	1.585179
2.147058	1.629444
2.152940	1.587726
2.158822	1.623393
2.164705	1.498558
2.170587	1.614795
2.176470	1.583268
2.182352	1.611929
2.188234	1.614158
2.194117	1.597917
2.199999	1.628170
2.205881	1.598235
2.211764	1.641864
2.217646	1.571167
2.223528	1.630718
2.229411	1.595369
2.235293	1.623393
2.241175	1.600146
2.247058	1.617980
2.252940	1.562887
2.258822	1.598872
2.264705	1.576899
2.270587	1.599191
2.276469	1.632310
2.282352	1.583268
2.288234	1.622757
2.294116	1.488368
2.299999	1.611292
2.305881	1.595051
2.311764	1.603968
2.317646	1.599191
2.323528	1.610018
2.329411	1.588045
2.335293	1.595688
2.341175	1.626578
2.347058	1.582949
2.352940	1.624030
2.358822	1.589637
2.364705	1.616069
2.370587	1.587089
2.376469	1.606834
2.382352	1.558428
2.388234	1.605878
2.394116	1.606834
2.399999	1.590274
2.405881	1.604923
2.411763	1.590911
2.417646	1.635495
2.423528	1.589956
2.429411	1.623712
2.435293	1.594414
2.441175	1.613840
2.447058	1.545690
2.452940	1.605878
2.458822	1.589637
2.464705	1.599828
2.470587	1.625623
2.476469	1.595051
2.482352	1.639953
2.488234	1.591548
2.494116	1.624667
2.499999	1.519577
2.505881	1.610655
2.511763	1.593140
2.517646	1.603012
2.523528	1.616069
2.529411	1.600146
2.535293	1.616387
2.541175	1.589637
2.547058	1.627533
2.552940	1.575943
2.558822	1.618617
2.564705	1.587726
2.570587	1.618298
2.576469	1.601420
2.582352	1.603649
2.588234	1.595051
2.594116	1.602694
2.599999	1.625304
2.605881	1.589637
2.611763	1.623712
2.617646	1.587089
2.623528	1.622120
2.629410	1.581357
2.635293	1.614477
2.641175	1.590911
2.647057	1.601420
2.652940	1.619254
2.658822	1.582949
2.664705	1.642501
2.670587	1.595688
2.676469	1.613521
2.682352	1.588045
2.688234	1.629126
2.694116	1.580083
2.699999	1.614795
2.705881	1.574988
2.711763	1.615114
2.717646	1.600146
2.723528	1.605560
2.729410	1.595369
2.735293	1.599828
2.741175	1.619254
2.747057	1.567027
2.752940	1.626897
2.758822	1.588682
2.764704	1.625941
2.770587	1.471171
2.776469	1.615751
2.782352	1.624667
2.788234	1.604605
2.794116	1.612247
2.799999	1.599191
2.805881	1.593777
2.811763	1.592503
2.817646	1.624667
2.823528	1.578810
2.829410	1.631036
2.835293	1.588045
2.841175	1.624667
2.847057	1.576262
2.852940	1.606197
2.858822	1.553333
2.864704	1.601101
2.870587	1.619254
2.876469	1.594414
2.882351	1.625941
2.888234	1.583268
2.894116	1.633266
2.899999	1.520532
2.905881	1.623075
2.911763	1.595051
2.917646	1.615114
2.923528	1.616706
2.929410	1.610655
2.935293	1.611292
2.941175	1.593459
2.947057	1.608744
2.952940	1.578491
2.958822	1.629126
2.964704	1.585179
2.970587	1.623075
2.976469	1.559384
2.982351	1.618935
2.988234	1.591229
2.994116	1.598235
2.999998	1.612247
3.005881	1.597280
3.011763	1.581994
3.017646	1.594095
3.023528	1.622757
3.029410	1.590274
3.035293	1.656513
3.041175	1.503017
3.047057	1.618935
3.052940	1.585179
3.058822	1.610337
3.064704	1.581039
3.070587	1.604605
3.076469	1.604286
3.082351	1.597598
3.088234	1.603968
3.094116	1.596643
3.099998	1.634221
3.105881	1.588363
3.111763	1.642501
3.117646	1.603968
3.123528	1.623075
3.129410	1.566708
3.135293	1.612247
3.141175	1.593459
3.147057	1.601101
3.152940	1.609381
3.158822	1.593140
3.164704	1.588363
3.170587	1.595688
3.176469	1.625623
3.182351	1.580720
3.188234	1.632310
3.194116	1.539958
3.199998	1.617024
3.205881	1.597280
3.211763	1.607471
3.217645	1.538047
3.223528	1.599191
3.229410	1.593777
3.235292	1.603968
3.241175	1.594095
3.247057	1.593459
3.252940	1.624349
3.258822	1.590592
3.264704	1.622120
3.270587	1.599191
3.276469	1.612566
3.282351	1.592822
3.288234	1.610974
3.294116	1.598235
3.299998	1.603968
3.305881	1.606834
3.311763	1.597280
3.317645	1.599191
3.323528	1.593459
3.329410	1.657468
3.335292	1.583268
3.341175	1.626897
3.347057	1.574988
3.352939	1.618935
3.358822	1.583905
3.364704	1.615432
3.370587	1.601738
3.376469	1.608108
3.382351	1.598554
3.388234	1.601420
3.394116	1.628170
3.399998	1.585179
3.405881	1.632629
3.411763	1.581357
3.417645	1.630400
3.423528	1.595369
3.429410	1.625941
3.435292	1.581357
3.441175	1.610655
3.447057	1.590911
3.452939	1.604605
3.458822	1.639953
3.464704	1.599509
3.470587	1.589000
3.476469	1.592185
3.482351	1.633266
3.488234	1.592185
3.494116	1.624030
3.499998	1.576899
3.505881	1.622120
3.511763	1.589637
3.517645	1.607789
3.523528	1.578810
3.529410	1.600146
3.535292	1.581676
3.541175	1.596325
3.547057	1.628807
3.552939	1.587408
3.558822	1.641546
3.564704	1.594414
3.570586	1.624030
3.576469	1.589956
3.582351	1.627215
3.588233	1.598872
3.594116	1.609700
3.599998	1.575306
3.605881	1.593140
3.611763	1.626260
3.617645	1.590592
3.623528	1.626260
3.629410	1.590274
3.635292	1.647278
3.641175	1.601738
3.647057	1.626260
3.652939	1.584223
3.658822	1.627533
3.664704	1.586134
3.670586	1.610974
3.676469	1.589637
3.682351	1.609063
3.688233	1.609381
3.694116	1.602694
3.699998	1.576580
3.705880	1.598235
3.711763	1.636769
3.717645	1.584542
3.723528	1.634539
3.729410	1.585179
3.735292	1.635176
3.741175	1.591866
3.747057	1.616069
3.752939	1.527538
3.758822	1.614795
3.764704	1.588682
3.770586	1.608108
3.776469	1.583905
3.782351	1.596962
3.788233	1.624030
3.794116	1.586452
3.799998	1.625623
3.805880	1.589319
3.811763	1.640590
3.817645	1.575943
3.823527	1.619572
3.829410	1.594732
3.835292	1.620527
3.841175	1.547282
3.847057	1.612247
3.852939	1.596643
3.858822	1.604923
3.864704	1.576580
3.870586	1.602057
3.876469	1.618298
3.882351	1.594732
3.888233	1.614795
3.894116	1.592822
3.899998	1.636769
3.905880	1.577854
3.911763	1.629126
3.917645	1.577854
3.923527	1.627852
3.929410	1.543461
3.935292	1.610337
3.941174	1.583905
3.947057	1.614158
3.952939	1.603968
3.958822	1.603331
3.964704	1.599509
3.970586	1.589956
3.976469	1.618935
3.982351	1.592503
3.988233	1.634539
3.994116	1.595688
3.999998	1.624986
4.005880	1.584542
4.011763	1.617343
4.017645	1.580720
4.023527	1.619254
4.029410	1.581676
4.035292	1.610337
4.041174	1.603968
4.047057	1.598554
4.052939	1.628489
4.058821	1.587726
4.064704	1.633903
4.070586	1.596962
4.076469	1.626897
4.082351	1.578491
4.088233	1.628807
4.094116	1.595369
4.099998	1.619572
4.105880	1.596643
4.111763	1.626578
4.117645	1.592185
4.123527	1.609700
4.129410	1.537729
4.135292	1.603649
4.141174	1.591229
4.147057	1.598235
4.152939	1.604923
4.158821	1.594414
4.164704	1.611292
4.170586	1.595051
4.176468	1.637406
4.182351	1.557154
4.188233	1.648870
4.194116	1.587089
4.199998	1.625941
4.205880	1.513844
4.211763	1.615114
4.217645	1.584860
4.223527	1.612566
4.229410	1.588045
4.235292	1.604605
4.241174	1.605878
4.247057	1.605241
4.252939	1.634221
4.258821	1.600146
4.264704	1.639635
4.270586	1.567027
4.276468	1.611929
4.282351	1.594732
4.288233	1.642819
4.294116	1.583905
4.299998	1.625623
4.305880	1.577854
4.311763	1.624986
4.317645	1.539002
4.323527	1.618935
4.329410	1.539002
4.335292	1.612566
4.341174	1.595688
4.347057	1.607789
4.352939	1.584542
4.358821	1.605878
4.364704	1.603012
4.370586	1.602694
4.376468	1.620846
4.382351	1.596006
4.388233	1.625304
4.394115	1.595369
4.399998	1.627533
4.405880	1.584223
4.411763	1.626578
4.417645	1.579765
4.423527	1.624986
4.429410	1.521806
4.435292	1.614477
4.441174	1.540595
4.447057	1.614158
4.452939	1.610655
4.458821	1.603331
4.464704	1.600146
4.470586	1.599191
4.476468	1.629444
4.482351	1.590911
4.488233	1.634539
4.494115	1.595051
4.499998	1.632629
4.505880	1.582313
4.511762	1.628170
4.517645	1.554607
4.523527	1.615432
4.529409	1.585816
4.535292	1.610337
4.541174	1.603649
4.547057	1.605241
4.552939	1.561294
4.558821	1.599509
4.564704	1.610018
4.570586	1.586134
4.576468	1.630081
4.582351	1.581994
4.588233	1.633266
4.594115	1.580083
4.599998	1.628807
4.605880	1.536136
4.611762	1.617980
4.617645	1.593140
4.623527	1.604286
4.629409	1.563205
4.635292	1.588363
4.641174	1.600146
4.647056	1.593777
4.652939	1.635495
4.658821	1.581676
4.664704	1.627215
4.670586	1.582631
4.676468	1.631992
4.682351	1.521806
4.688233	1.621483
4.694115	1.591548
4.699998	1.609381
4.705880	1.593459
4.711762	1.606515
4.717645	1.584223
4.723527	1.595688
4.729409	1.600783
4.735292	1.563842
4.741174	1.633266
4.747056	1.584542
4.752939	1.634858
4.758821	1.581676
4.764703	1.622757
4.770586	1.597598
4.776468	1.607152
4.782351	1.612247
4.788233	1.598554
4.794115	1.607789
4.799998	1.598554
4.805880	1.615751
4.811762	1.591229
4.817645	1.639953
4.823527	1.583268
4.829409	1.629126
4.835292	1.578173
4.841174	1.622438
4.847056	1.586134
4.852939	1.613521
4.858821	1.578491
4.864703	1.608426
4.870586	1.611929
4.876468	1.603012
4.882350	1.604605
4.888233	1.594095
4.894115	1.642501
4.899998	1.595369
4.905880	1.611292
4.911762	1.537410
4.917645	1.643456
4.923527	1.588682
4.929409	1.621483
4.935292	1.566071
4.941174	1.619890
4.947056	1.582631
4.952939	1.610018
4.958821	1.548556
4.964703	1.605878
4.970586	1.621483
4.976468	1.599509
4.982350	1.628170
4.988233	1.595688
4.994115	1.634539

