LabVIEW Measurement	
Writer_Version	2
Reader_Version	2
Separator	Tab
Decimal_Separator	.
Multi_Headings	Yes
X_Columns	One
Time_Pref	Absolute
Operator	labuser
Date	1904/01/01
Time	01:00:00
***End_of_Header***	
	
Channels	1	
Samples	850	
Date	2022/05/23	
Time	18:06:32.0601013499999721548	
Y_Unit_Label	Volts	
X_Dimension	Time	
X0	0.0000000000000000E+0	
Delta_X	0.005882	
***End_of_Header***		
X_Value	Voltage	Comment
0.000000	1.610337
0.005882	1.602375
0.011765	1.610018
0.017647	1.601738
0.023529	1.609381
0.029412	1.605560
0.035294	1.605241
0.041176	1.609381
0.047059	1.603649
0.052941	1.610018
0.058824	1.601738
0.064706	1.610018
0.070588	1.600783
0.076471	1.609700
0.082353	1.602375
0.088235	1.607789
0.094118	1.604286
0.100000	1.604605
0.105882	1.608426
0.111765	1.605241
0.117647	1.608744
0.123529	1.602694
0.129412	1.610337
0.135294	1.602057
0.141176	1.610018
0.147059	1.606834
0.152941	1.609381
0.158823	1.603331
0.164706	1.608744
0.170588	1.605878
0.176471	1.605878
0.182353	1.609063
0.188235	1.603012
0.194118	1.610655
0.200000	1.602375
0.205882	1.611929
0.211765	1.603012
0.217647	1.611292
0.223529	1.603331
0.229412	1.609700
0.235294	1.605560
0.241176	1.607152
0.247059	1.606197
0.252941	1.606197
0.258823	1.607789
0.264706	1.604923
0.270588	1.611929
0.276470	1.603012
0.282353	1.611929
0.288235	1.603968
0.294117	1.611292
0.300000	1.602057
0.305882	1.609381
0.311765	1.604605
0.317647	1.610018
0.323529	1.604605
0.329412	1.606515
0.335294	1.605241
0.341176	1.605241
0.347059	1.610337
0.352941	1.603649
0.358823	1.611611
0.364706	1.603649
0.370588	1.611611
0.376470	1.603331
0.382353	1.611292
0.388235	1.603331
0.394117	1.609700
0.400000	1.603968
0.405882	1.608426
0.411764	1.606197
0.417647	1.605560
0.423529	1.609700
0.429412	1.603012
0.435294	1.611611
0.441176	1.602057
0.447059	1.610655
0.452941	1.602057
0.458823	1.609700
0.464706	1.603649
0.470588	1.608426
0.476470	1.603968
0.482353	1.607152
0.488235	1.607471
0.494117	1.603968
0.500000	1.609063
0.505882	1.601420
0.511764	1.610018
0.517647	1.602694
0.523529	1.610655
0.529411	1.602375
0.535294	1.608744
0.541176	1.605560
0.547059	1.608426
0.552941	1.608426
0.558823	1.605560
0.564706	1.609063
0.570588	1.603012
0.576470	1.610655
0.582353	1.601738
0.588235	1.610655
0.594117	1.601420
0.600000	1.609381
0.605882	1.603012
0.611764	1.608426
0.617647	1.605241
0.623529	1.604605
0.629411	1.608108
0.635294	1.603649
0.641176	1.611292
0.647058	1.601738
0.652941	1.610337
0.658823	1.602375
0.664706	1.609700
0.670588	1.604605
0.676470	1.607471
0.682353	1.606197
0.688235	1.605560
0.694117	1.607789
0.700000	1.603649
0.705882	1.608108
0.711764	1.600465
0.717647	1.608744
0.723529	1.602375
0.729411	1.609381
0.735294	1.605241
0.741176	1.610018
0.747058	1.604605
0.752941	1.606515
0.758823	1.607152
0.764705	1.604286
0.770588	1.610018
0.776470	1.603012
0.782353	1.611292
0.788235	1.602694
0.794117	1.611611
0.800000	1.602375
0.805882	1.610018
0.811764	1.605560
0.817647	1.608744
0.823529	1.605878
0.829411	1.605241
0.835294	1.608744
0.841176	1.605560
0.847058	1.610018
0.852941	1.604923
0.858823	1.611611
0.864705	1.602694
0.870588	1.611292
0.876470	1.603331
0.882352	1.611929
0.888235	1.604923
0.894117	1.610974
0.900000	1.605878
0.905882	1.609700
0.911764	1.606834
0.917647	1.608108
0.923529	1.609063
0.929411	1.605878
0.935294	1.609700
0.941176	1.605241
0.947058	1.611292
0.952941	1.603968
0.958823	1.610018
0.964705	1.603331
0.970588	1.610974
0.976470	1.602375
0.982352	1.611929
0.988235	1.604605
0.994117	1.610974
0.999999	1.606515
1.005882	1.609063
1.011764	1.606834
1.017647	1.605878
1.023529	1.609381
1.029411	1.603331
1.035294	1.611292
1.041176	1.601420
1.047058	1.611292
1.052941	1.601738
1.058823	1.610974
1.064705	1.603649
1.070588	1.609700
1.076470	1.604923
1.082352	1.609700
1.088235	1.604923
1.094117	1.608426
1.099999	1.607152
1.105882	1.603649
1.111764	1.610337
1.117646	1.603012
1.123529	1.611611
1.129411	1.602057
1.135294	1.610337
1.141176	1.602375
1.147058	1.610337
1.152941	1.604923
1.158823	1.608426
1.164705	1.605560
1.170588	1.606197
1.176470	1.609063
1.182352	1.603968
1.188235	1.609700
1.194117	1.602694
1.199999	1.611611
1.205882	1.602694
1.211764	1.610974
1.217646	1.603649
1.223529	1.609700
1.229411	1.605241
1.235294	1.609700
1.241176	1.603649
1.247058	1.609063
1.252941	1.605241
1.258823	1.605560
1.264705	1.608426
1.270588	1.602375
1.276470	1.611929
1.282352	1.601420
1.288235	1.611292
1.294117	1.603012
1.299999	1.609381
1.305882	1.602057
1.311764	1.609700
1.317646	1.606834
1.323529	1.605241
1.329411	1.608108
1.335293	1.603968
1.341176	1.609381
1.347058	1.603012
1.352940	1.610974
1.358823	1.601738
1.364705	1.611611
1.370588	1.603012
1.376470	1.608426
1.382352	1.603968
1.388235	1.608108
1.394117	1.609063
1.399999	1.605241
1.405882	1.610655
1.411764	1.604605
1.417646	1.610337
1.423529	1.604286
1.429411	1.610655
1.435293	1.602057
1.441176	1.611292
1.447058	1.603331
1.452940	1.608426
1.458823	1.605241
1.464705	1.608744
1.470587	1.608744
1.476470	1.605241
1.482352	1.609063
1.488235	1.604923
1.494117	1.610655
1.499999	1.603331
1.505882	1.611292
1.511764	1.603012
1.517646	1.610655
1.523529	1.604286
1.529411	1.609700
1.535293	1.603968
1.541176	1.607152
1.547058	1.607152
1.552940	1.604605
1.558823	1.609063
1.564705	1.603012
1.570587	1.609700
1.576470	1.603012
1.582352	1.610974
1.588234	1.604286
1.594117	1.610974
1.599999	1.603012
1.605882	1.610018
1.611764	1.604923
1.617646	1.605878
1.623529	1.608426
1.629411	1.603012
1.635293	1.610337
1.641176	1.603968
1.647058	1.609700
1.652940	1.602057
1.658823	1.609700
1.664705	1.602375
1.670587	1.607789
1.676470	1.604286
1.682352	1.604923
1.688234	1.606834
1.694117	1.603012
1.699999	1.609381
1.705881	1.601420
1.711764	1.610337
1.717646	1.601101
1.723529	1.609381
1.729411	1.602694
1.735293	1.608108
1.741176	1.606515
1.747058	1.605878
1.752940	1.606515
1.758823	1.603012
1.764705	1.608108
1.770587	1.602057
1.776470	1.610655
1.782352	1.602375
1.788234	1.610974
1.794117	1.602057
1.799999	1.609381
1.805881	1.604286
1.811764	1.607471
1.817646	1.607152
1.823528	1.604923
1.829411	1.609381
1.835293	1.602057
1.841176	1.610655
1.847058	1.602375
1.852940	1.610337
1.858823	1.601101
1.864705	1.608426
1.870587	1.605560
1.876470	1.608426
1.882352	1.604605
1.888234	1.606515
1.894117	1.607789
1.899999	1.602694
1.905881	1.610018
1.911764	1.601420
1.917646	1.610018
1.923528	1.602694
1.929411	1.607471
1.935293	1.604286
1.941175	1.604923
1.947058	1.606515
1.952940	1.604605
1.958823	1.609700
1.964705	1.602375
1.970587	1.610974
1.976470	1.603012
1.982352	1.610974
1.988234	1.602694
1.994117	1.610655
1.999999	1.603649
2.005881	1.607789
2.011764	1.607152
2.017646	1.606834
2.023528	1.607789
2.029411	1.602694
2.035293	1.609381
2.041175	1.602694
2.047058	1.610974
2.052940	1.603968
2.058822	1.610655
2.064705	1.602375
2.070587	1.610655
2.076470	1.604286
2.082352	1.609381
2.088234	1.606515
2.094117	1.605878
2.099999	1.607152
2.105881	1.606515
2.111764	1.609381
2.117646	1.605560
2.123528	1.609700
2.129411	1.604286
2.135293	1.612247
2.141175	1.603012
2.147058	1.612247
2.152940	1.603968
2.158822	1.611611
2.164705	1.604286
2.170587	1.611292
2.176470	1.604286
2.182352	1.607152
2.188234	1.607152
2.194117	1.608108
2.199999	1.608744
2.205881	1.605241
2.211764	1.610018
2.217646	1.602694
2.223528	1.611292
2.229411	1.601738
2.235293	1.610337
2.241175	1.603649
2.247058	1.610655
2.252940	1.604923
2.258822	1.607471
2.264705	1.604286
2.270587	1.604286
2.276469	1.608744
2.282352	1.604923
2.288234	1.610018
2.294116	1.601101
2.299999	1.610974
2.305881	1.601738
2.311764	1.609063
2.317646	1.603331
2.323528	1.607471
2.329411	1.606197
2.335293	1.603649
2.341175	1.609063
2.347058	1.602375
2.352940	1.609381
2.358822	1.602057
2.364705	1.609700
2.370587	1.602694
2.376469	1.608426
2.382352	1.603649
2.388234	1.606197
2.394116	1.607152
2.399999	1.603012
2.405881	1.608426
2.411763	1.601738
2.417646	1.610655
2.423528	1.601738
2.429411	1.610337
2.435293	1.603968
2.441175	1.608744
2.447058	1.604923
2.452940	1.607152
2.458822	1.606515
2.464705	1.605560
2.470587	1.607471
2.476469	1.603012
2.482352	1.609381
2.488234	1.600465
2.494116	1.610018
2.499999	1.602057
2.505881	1.607789
2.511763	1.604923
2.517646	1.606834
2.523528	1.606515
2.529411	1.603331
2.535293	1.606834
2.541175	1.603331
2.547058	1.608426
2.552940	1.603331
2.558822	1.610018
2.564705	1.602694
2.570587	1.610974
2.576469	1.604605
2.582352	1.608744
2.588234	1.604286
2.594116	1.606834
2.599999	1.607152
2.605881	1.604923
2.611763	1.607471
2.617646	1.603012
2.623528	1.610018
2.629410	1.603968
2.635293	1.610337
2.641175	1.601420
2.647057	1.608426
2.652940	1.605241
2.658822	1.610018
2.664705	1.604923
2.670587	1.608426
2.676469	1.607471
2.682352	1.605560
2.688234	1.610655
2.694116	1.603649
2.699999	1.611292
2.705881	1.601738
2.711763	1.610655
2.717646	1.603649
2.723528	1.610337
2.729410	1.603649
2.735293	1.608744
2.741175	1.604923
2.747057	1.608426
2.752940	1.606834
2.758822	1.607152
2.764704	1.607471
2.770587	1.605241
2.776469	1.610655
2.782352	1.602694
2.788234	1.611611
2.794116	1.602375
2.799999	1.611929
2.805881	1.603968
2.811763	1.611292
2.817646	1.603649
2.823528	1.608426
2.829410	1.605241
2.835293	1.607152
2.841175	1.607789
2.847057	1.605241
2.852940	1.608426
2.858822	1.602375
2.864704	1.610018
2.870587	1.603968
2.876469	1.610337
2.882351	1.603012
2.888234	1.611929
2.894116	1.603331
2.899999	1.609700
2.905881	1.604286
2.911763	1.606834
2.917646	1.607471
2.923528	1.604605
2.929410	1.610337
2.935293	1.602694
2.941175	1.610655
2.947057	1.602057
2.952940	1.610655
2.958822	1.602375
2.964704	1.610655
2.970587	1.603331
2.976469	1.607789
2.982351	1.604286
2.988234	1.606197
2.994116	1.607789
2.999998	1.604605
3.005881	1.608744
3.011763	1.602694
3.017646	1.610337
3.023528	1.602375
3.029410	1.609700
3.035293	1.603012
3.041175	1.611292
3.047057	1.604286
3.052940	1.608744
3.058822	1.605878
3.064704	1.606197
3.070587	1.608426
3.076469	1.605560
3.082351	1.610018
3.088234	1.603331
3.094116	1.611292
3.099998	1.602694
3.105881	1.610655
3.111763	1.603012
3.117646	1.609063
3.123528	1.605560
3.129410	1.607471
3.135293	1.607471
3.141175	1.605878
3.147057	1.607789
3.152940	1.604286
3.158822	1.610018
3.164704	1.603012
3.170587	1.610018
3.176469	1.601738
3.182351	1.610974
3.188234	1.602694
3.194116	1.611611
3.199998	1.603649
3.205881	1.606197
3.211763	1.606834
3.217645	1.604286
3.223528	1.609381
3.229410	1.601738
3.235292	1.609700
3.241175	1.601420
3.247057	1.609700
3.252940	1.603649
3.258822	1.608108
3.264704	1.603649
3.270587	1.606834
3.276469	1.606515
3.282351	1.605241
3.288234	1.607789
3.294116	1.602375
3.299998	1.610655
3.305881	1.601738
3.311763	1.611611
3.317645	1.601738
3.323528	1.610018
3.329410	1.604286
3.335292	1.609381
3.341175	1.607152
3.347057	1.608744
3.352939	1.606834
3.358822	1.605241
3.364704	1.608426
3.370587	1.603649
3.376469	1.610655
3.382351	1.601738
3.388234	1.611292
3.394116	1.602375
3.399998	1.610655
3.405881	1.603649
3.411763	1.609381
3.417645	1.604923
3.423528	1.607152
3.429410	1.607471
3.435292	1.607152
3.441175	1.609063
3.447057	1.603012
3.452939	1.611292
3.458822	1.603012
3.464704	1.610655
3.470587	1.603012
3.476469	1.610337
3.482351	1.605560
3.488234	1.610018
3.494116	1.604605
3.499998	1.609063
3.505881	1.606515
3.511763	1.605878
3.517645	1.606834
3.523528	1.604286
3.529410	1.610337
3.535292	1.602694
3.541175	1.611611
3.547057	1.602375
3.552939	1.611292
3.558822	1.604286
3.564704	1.609700
3.570586	1.606197
3.576469	1.605560
3.582351	1.606197
3.588233	1.604923
3.594116	1.606834
3.599998	1.603012
3.605881	1.610655
3.611763	1.601420
3.617645	1.610974
3.623528	1.601420
3.629410	1.610337
3.635292	1.603968
3.641175	1.609381
3.647057	1.606834
3.652939	1.608426
3.658822	1.606515
3.664704	1.604286
3.670586	1.608108
3.676469	1.604286
3.682351	1.610018
3.688233	1.602694
3.694116	1.611292
3.699998	1.602057
3.705880	1.611292
3.711763	1.603649
3.717645	1.609700
3.723528	1.604605
3.729410	1.608426
3.735292	1.605241
3.741175	1.607471
3.747057	1.607789
3.752939	1.604286
3.758822	1.609700
3.764704	1.603012
3.770586	1.611611
3.776469	1.603012
3.782351	1.610655
3.788233	1.603012
3.794116	1.610974
3.799998	1.604286
3.805880	1.609700
3.811763	1.605560
3.817645	1.608744
3.823527	1.606515
3.829410	1.604605
3.835292	1.608426
3.841175	1.603331
3.847057	1.610337
3.852939	1.603012
3.858822	1.610974
3.864704	1.603012
3.870586	1.610337
3.876469	1.602375
3.882351	1.612566
3.888233	1.602694
3.894116	1.610018
3.899998	1.605878
3.905880	1.607471
3.911763	1.608108
3.917645	1.606515
3.923527	1.609700
3.929410	1.604923
3.935292	1.610974
3.941174	1.605241
3.947057	1.610655
3.952939	1.603012
3.958822	1.612247
3.964704	1.603012
3.970586	1.611929
3.976469	1.603649
3.982351	1.610655
3.988233	1.603968
3.994116	1.609063
3.999998	1.606515
4.005880	1.606197
4.011763	1.608108
4.017645	1.604286
4.023527	1.609381
4.029410	1.603649
4.035292	1.611929
4.041174	1.602057
4.047057	1.611611
4.052939	1.603012
4.058821	1.609063
4.064704	1.603012
4.070586	1.607471
4.076469	1.605241
4.082351	1.606834
4.088233	1.605560
4.094116	1.602694
4.099998	1.610974
4.105880	1.602694
4.111763	1.611611
4.117645	1.602694
4.123527	1.610018
4.129410	1.602694
4.135292	1.609700
4.141174	1.604286
4.147057	1.608426
4.152939	1.606197
4.158821	1.605560
4.164704	1.609381
4.170586	1.602375
4.176468	1.610018
4.182351	1.603649
4.188233	1.610655
4.194116	1.603012
4.199998	1.611292
4.205880	1.603649
4.211763	1.610655
4.217645	1.604923
4.223527	1.608426
4.229410	1.607152
4.235292	1.604923
4.241174	1.609063
4.247057	1.605560
4.252939	1.609381
4.258821	1.602694
4.264704	1.611292
4.270586	1.602057
4.276468	1.611929
4.282351	1.603012
4.288233	1.609381
4.294116	1.605241
4.299998	1.610337
4.305880	1.604286
4.311763	1.608108
4.317645	1.606515
4.323527	1.605241
4.329410	1.610018
4.335292	1.602375
4.341174	1.610018
4.347057	1.603012
4.352939	1.611292
4.358821	1.602057
4.364704	1.611929
4.370586	1.602694
4.376468	1.609381
4.382351	1.607152
4.388233	1.607152
4.394115	1.605878
4.399998	1.606834
4.405880	1.609063
4.411763	1.603012
4.417645	1.609700
4.423527	1.602057
4.429410	1.611292
4.435292	1.603012
4.441174	1.610974
4.447057	1.603012
4.452939	1.609063
4.458821	1.604923
4.464704	1.608108
4.470586	1.607152
4.476468	1.605560
4.482351	1.608426
4.488233	1.602694
4.494115	1.611292
4.499998	1.602375
4.505880	1.610337
4.511762	1.600783
4.517645	1.610655
4.523527	1.603968
4.529409	1.609381
4.535292	1.606197
4.541174	1.607471
4.547057	1.607152
4.552939	1.604923
4.558821	1.608744
4.564704	1.603649
4.570586	1.609381
4.576468	1.601738
4.582351	1.611292
4.588233	1.601101
4.594115	1.609381
4.599998	1.603968
4.605880	1.607789
4.611762	1.607789
4.617645	1.606197
4.623527	1.608426
4.629409	1.603649
4.635292	1.609381
4.641174	1.602375
4.647056	1.610655
4.652939	1.602057
4.658821	1.610337
4.664704	1.603649
4.670586	1.608108
4.676468	1.607471
4.682351	1.605560
4.688233	1.608744
4.694115	1.606197
4.699998	1.609381
4.705880	1.603649
4.711762	1.610018
4.717645	1.601738
4.723527	1.622438
4.729409	1.601420
4.735292	1.609381
4.741174	1.603968
4.747056	1.608108
4.752939	1.606515
4.758821	1.605241
4.764703	1.609700
4.770586	1.603968
4.776468	1.610018
4.782351	1.603649
4.788233	1.610655
4.794115	1.601738
4.799998	1.609700
4.805880	1.601738
4.811762	1.608744
4.817645	1.605878
4.823527	1.604923
4.829409	1.608108
4.835292	1.604923
4.841174	1.610018
4.847056	1.602057
4.852939	1.610018
4.858821	1.602375
4.864703	1.611292
4.870586	1.603968
4.876468	1.610655
4.882350	1.603968
4.888233	1.607471
4.894115	1.606197
4.899998	1.605560
4.905880	1.609063
4.911762	1.602694
4.917645	1.607789
4.923527	1.601101
4.929409	1.610337
4.935292	1.602375
4.941174	1.610655
4.947056	1.603968
4.952939	1.609063
4.958821	1.603968
4.964703	1.606197
4.970586	1.606834
4.976468	1.603649
4.982350	1.609381
4.988233	1.602375
4.994115	1.610655

