0.000000	1.607789
0.005882	1.608108
0.011765	1.608108
0.017647	1.607789
0.023529	1.607471
0.029412	1.608108
0.035294	1.607789
0.041176	1.607789
0.047059	1.607471
0.052941	1.607471
0.058824	1.607789
0.064706	1.607471
0.070588	1.609063
0.076471	1.608426
0.082353	1.607152
0.088235	1.608108
0.094118	1.607152
0.100000	1.606515
0.105882	1.606515
0.111765	1.606515
0.117647	1.606834
0.123529	1.608426
0.129412	1.607471
0.135294	1.607471
0.141176	1.606834
0.147059	1.608426
0.152941	1.607471
0.158823	1.607152
0.164706	1.608108
0.170588	1.608426
0.176471	1.607789
0.182353	1.608744
0.188235	1.607152
0.194118	1.607152
0.200000	1.607471
0.205882	1.607471
0.211765	1.609381
0.217647	1.608744
0.223529	1.608426
0.229412	1.608744
0.235294	1.608744
0.241176	1.608426
0.247059	1.609063
0.252941	1.607471
0.258823	1.608426
0.264706	1.607152
0.270588	1.608426
0.276470	1.608744
0.282353	1.607789
0.288235	1.608108
0.294117	1.606515
0.300000	1.608108
0.305882	1.608108
0.311765	1.608426
0.317647	1.608426
0.323529	1.609063
0.329412	1.608426
0.335294	1.608744
0.341176	1.607789
0.347059	1.607152
0.352941	1.608108
0.358823	1.607789
0.364706	1.608108
0.370588	1.608426
0.376470	1.608108
0.382353	1.607471
0.388235	1.607152
0.394117	1.608108
0.400000	1.607789
0.405882	1.608108
0.411764	1.607789
0.417647	1.608108
0.423529	1.607471
0.429412	1.607789
0.435294	1.608108
0.441176	1.607152
0.447059	1.608426
0.452941	1.607789
0.458823	1.609063
0.464706	1.608108
0.470588	1.608744
0.476470	1.608426
0.482353	1.608108
0.488235	1.607471
0.494117	1.608426
0.500000	1.606834
0.505882	1.608744
0.511764	1.608744
0.517647	1.608108
0.523529	1.608108
0.529411	1.608108
0.535294	1.607471
0.541176	1.607152
0.547059	1.608108
0.552941	1.607789
0.558823	1.608108
0.564706	1.608744
0.570588	1.608744
0.576470	1.607789
0.582353	1.608108
0.588235	1.607789
0.594117	1.607471
0.600000	1.606515
0.605882	1.607789
0.611764	1.607789
0.617647	1.608426
0.623529	1.608426
0.629411	1.607471
0.635294	1.608108
0.641176	1.608744
0.647058	1.607471
0.652941	1.608426
0.658823	1.608426
0.664706	1.608426
0.670588	1.607789
0.676470	1.608426
0.682353	1.608108
0.688235	1.607789
0.694117	1.607789
0.700000	1.608426
0.705882	1.608108
0.711764	1.608744
0.717647	1.608426
0.723529	1.607789
0.729411	1.608426
0.735294	1.607152
0.741176	1.607471
0.747058	1.608426
0.752941	1.608108
0.758823	1.607471
0.764705	1.607471
0.770588	1.607471
0.776470	1.608426
0.782353	1.606834
0.788235	1.607471
0.794117	1.607789
0.800000	1.607789
0.805882	1.607789
0.811764	1.607789
0.817647	1.607789
0.823529	1.607152
0.829411	1.606834
0.835294	1.607152
0.841176	1.608426
0.847058	1.607152
0.852941	1.607789
0.858823	1.608744
0.864705	1.606834
0.870588	1.607789
0.876470	1.607471
0.882352	1.606515
0.888235	1.608744
0.894117	1.607471
0.900000	1.607789
0.905882	1.608108
0.911764	1.607471
0.917647	1.607152
0.923529	1.607789
0.929411	1.607471
0.935294	1.608426
0.941176	1.609063
0.947058	1.607471
0.952941	1.608744
0.958823	1.607789
0.964705	1.608108
0.970588	1.606197
0.976470	1.606515
0.982352	1.607152
0.988235	1.607471
0.994117	1.606515
0.999999	1.608108
1.005882	1.608108
1.011764	1.607471
1.017647	1.608744
1.023529	1.608744
1.029411	1.608426
1.035294	1.607471
1.041176	1.607152
1.047058	1.607471
1.052941	1.606834
1.058823	1.607471
1.064705	1.607789
1.070588	1.607152
1.076470	1.607152
1.082352	1.608108
1.088235	1.607152
1.094117	1.608108
1.099999	1.607789
1.105882	1.607789
1.111764	1.608108
1.117646	1.608426
1.123529	1.608744
1.129411	1.608426
1.135294	1.607471
1.141176	1.607471
1.147058	1.607152
1.152941	1.607789
1.158823	1.607471
1.164705	1.608426
1.170588	1.608108
1.176470	1.608426
1.182352	1.608426
1.188235	1.608744
1.194117	1.608108
1.199999	1.608426
1.205882	1.609381
1.211764	1.608426
1.217646	1.607471
1.223529	1.609381
1.229411	1.607789
1.235294	1.608744
1.241176	1.608744
1.247058	1.607789
1.252941	1.608744
1.258823	1.607789
1.264705	1.609063
1.270588	1.609381
1.276470	1.609381
1.282352	1.608108
1.288235	1.608744
1.294117	1.607789
1.299999	1.609381
1.305882	1.609063
1.311764	1.608744
1.317646	1.608744
1.323529	1.609063
1.329411	1.608108
1.335293	1.608744
1.341176	1.609381
1.347058	1.609700
1.352940	1.608426
1.358823	1.608744
1.364705	1.607471
1.370588	1.606515
1.376470	1.607789
1.382352	1.608426
1.388235	1.610018
1.394117	1.610018
1.399999	1.608744
1.405882	1.609700
1.411764	1.609063
1.417646	1.609063
1.423529	1.609700
1.429411	1.609063
1.435293	1.609381
1.441176	1.609381
1.447058	1.608426
1.452940	1.608108
1.458823	1.608108
1.464705	1.607152
1.470587	1.608108
1.476470	1.607152
1.482352	1.608426
1.488235	1.608744
1.494117	1.608426
1.499999	1.608744
1.505882	1.608744
1.511764	1.607789
1.517646	1.610655
1.523529	1.609381
1.529411	1.609381
1.535293	1.608744
1.541176	1.608426
1.547058	1.608426
1.552940	1.608108
1.558823	1.608744
1.564705	1.607789
1.570587	1.609381
1.576470	1.609063
1.582352	1.608744
1.588234	1.608426
1.594117	1.607471
1.599999	1.608744
1.605882	1.608426
1.611764	1.608744
1.617646	1.608426
1.623529	1.608744
1.629411	1.608744
1.635293	1.608426
1.641176	1.606834
1.647058	1.608426
1.652940	1.608426
1.658823	1.609700
1.664705	1.608108
1.670587	1.608744
1.676470	1.609700
1.682352	1.608744
1.688234	1.609381
1.694117	1.608426
1.699999	1.608108
1.705881	1.608744
1.711764	1.608108
1.717646	1.607789
1.723529	1.608426
1.729411	1.608426
1.735293	1.609063
1.741176	1.609381
1.747058	1.608744
1.752940	1.608108
1.758823	1.609700
1.764705	1.608426
1.770587	1.610655
1.776470	1.609381
1.782352	1.608426
1.788234	1.608426
1.794117	1.609063
1.799999	1.608744
1.805881	1.608744
1.811764	1.608744
1.817646	1.610337
1.823528	1.609700
1.829411	1.609381
1.835293	1.608744
1.841176	1.607789
1.847058	1.608744
1.852940	1.608108
1.858823	1.607471
1.864705	1.609063
1.870587	1.607789
1.876470	1.607471
1.882352	1.608426
1.888234	1.606834
1.894117	1.607152
1.899999	1.608108
1.905881	1.607471
1.911764	1.608744
1.917646	1.607152
1.923528	1.608426
1.929411	1.608744
1.935293	1.608426
1.941175	1.608108
1.947058	1.607471
1.952940	1.606834
1.958823	1.608744
1.964705	1.607152
1.970587	1.607789
1.976470	1.608744
1.982352	1.608426
1.988234	1.609381
1.994117	1.607789
1.999999	1.608426
2.005881	1.608744
2.011764	1.609381
2.017646	1.608426
2.023528	1.608426
2.029411	1.607152
2.035293	1.607471
2.041175	1.607152
2.047058	1.607152
2.052940	1.607789
2.058822	1.607789
2.064705	1.607789
2.070587	1.608426
2.076470	1.608744
2.082352	1.608108
2.088234	1.608744
2.094117	1.608108
2.099999	1.609700
2.105881	1.609381
2.111764	1.608744
2.117646	1.609381
2.123528	1.608426
2.129411	1.608744
2.135293	1.609700
2.141175	1.610018
2.147058	1.609381
2.152940	1.607471
2.158822	1.608108
2.164705	1.607152
2.170587	1.608108
2.176470	1.608426
2.182352	1.608426
2.188234	1.609381
2.194117	1.608744
2.199999	1.608426
2.205881	1.608744
2.211764	1.608744
2.217646	1.608108
2.223528	1.609700
2.229411	1.608744
2.235293	1.609063
2.241175	1.609381
2.247058	1.608108
2.252940	1.609063
2.258822	1.608108
2.264705	1.608108
2.270587	1.609381
2.276469	1.609381
2.282352	1.608108
2.288234	1.608744
2.294116	1.608426
2.299999	1.608426
2.305881	1.608426
2.311764	1.609063
2.317646	1.609063
2.323528	1.608108
2.329411	1.609063
2.335293	1.608426
2.341175	1.607471
2.347058	1.609063
2.352940	1.607789
2.358822	1.609063
2.364705	1.609700
2.370587	1.609700
2.376469	1.608744
2.382352	1.609700
2.388234	1.609063
2.394116	1.608426
2.399999	1.609063
2.405881	1.609700
2.411763	1.609700
2.417646	1.608744
2.423528	1.608108
2.429411	1.608108
2.435293	1.607789
2.441175	1.609063
2.447058	1.608426
2.452940	1.608744
2.458822	1.608108
2.464705	1.608108
2.470587	1.608426
2.476469	1.608744
2.482352	1.608108
2.488234	1.609063
2.494116	1.609063
2.499999	1.607471
2.505881	1.608426
2.511763	1.607471
2.517646	1.607789
2.523528	1.608426
2.529411	1.607789
2.535293	1.607789
2.541175	1.608108
2.547058	1.609063
2.552940	1.609063
2.558822	1.607789
2.564705	1.607152
2.570587	1.607152
2.576469	1.608108
2.582352	1.608744
2.588234	1.607789
2.594116	1.607471
2.599999	1.607789
2.605881	1.607789
2.611763	1.607152
2.617646	1.608108
2.623528	1.608108
2.629410	1.608426
2.635293	1.607789
2.641175	1.607789
2.647057	1.606834
2.652940	1.606834
2.658822	1.606834
2.664705	1.607471
2.670587	1.607471
2.676469	1.608744
2.682352	1.608108
2.688234	1.608426
2.694116	1.607789
2.699999	1.607789
2.705881	1.609381
2.711763	1.609063
2.717646	1.609700
2.723528	1.609700
2.729410	1.607789
2.735293	1.607789
2.741175	1.607789
2.747057	1.607471
2.752940	1.608744
2.758822	1.608426
2.764704	1.608108
2.770587	1.608744
2.776469	1.608744
2.782352	1.608426
2.788234	1.609063
2.794116	1.609063
2.799999	1.608744
2.805881	1.609700
2.811763	1.608426
2.817646	1.608426
2.823528	1.607471
2.829410	1.608108
2.835293	1.608744
2.841175	1.608744
2.847057	1.610018
2.852940	1.608426
2.858822	1.608426
2.864704	1.608426
2.870587	1.607471
2.876469	1.610018
2.882351	1.608108
2.888234	1.608426
2.894116	1.608426
2.899999	1.607471
2.905881	1.608744
2.911763	1.608426
2.917646	1.607152
2.923528	1.608744
2.929410	1.608108
2.935293	1.608744
2.941175	1.608744
2.947057	1.607471
2.952940	1.608744
2.958822	1.609063
2.964704	1.609063
2.970587	1.609700
2.976469	1.607152
2.982351	1.608426
2.988234	1.609063
2.994116	1.607152
2.999998	1.608426
3.005881	1.610018
3.011763	1.609063
3.017646	1.609381
3.023528	1.608108
3.029410	1.609063
3.035293	1.608744
3.041175	1.607471
3.047057	1.609063
3.052940	1.609700
3.058822	1.608108
3.064704	1.608744
3.070587	1.608744
3.076469	1.608744
3.082351	1.608426
3.088234	1.609063
3.094116	1.609063
3.099998	1.608108
3.105881	1.609381
3.111763	1.607789
3.117646	1.607471
3.123528	1.608426
3.129410	1.607789
3.135293	1.608108
3.141175	1.607789
3.147057	1.607789
3.152940	1.606834
3.158822	1.607789
3.164704	1.606515
3.170587	1.607471
3.176469	1.607789
3.182351	1.608744
3.188234	1.608108
3.194116	1.607152
3.199998	1.608108
3.205881	1.607789
3.211763	1.608108
3.217645	1.608426
3.223528	1.607471
3.229410	1.607152
3.235292	1.607789
3.241175	1.607471
3.247057	1.608426
3.252940	1.607789
3.258822	1.607471
3.264704	1.607471
3.270587	1.607789
3.276469	1.607789
3.282351	1.608108
3.288234	1.608426
3.294116	1.608744
3.299998	1.608744
3.305881	1.608108
3.311763	1.608426
3.317645	1.608744
3.323528	1.608744
3.329410	1.608426
3.335292	1.608744
3.341175	1.609381
3.347057	1.607471
3.352939	1.607789
3.358822	1.608108
3.364704	1.607789
3.370587	1.608744
3.376469	1.607152
3.382351	1.607471
3.388234	1.608108
3.394116	1.607471
3.399998	1.608426
3.405881	1.609063
3.411763	1.609063
3.417645	1.609063
3.423528	1.608426
3.429410	1.608744
3.435292	1.608108
3.441175	1.607789
3.447057	1.609063
3.452939	1.608108
3.458822	1.608744
3.464704	1.608108
3.470587	1.607471
3.476469	1.608426
3.482351	1.608426
3.488234	1.608426
3.494116	1.609700
3.499998	1.609063
3.505881	1.609381
3.511763	1.608426
3.517645	1.609063
3.523528	1.609381
3.529410	1.609381
3.535292	1.610655
3.541175	1.608744
3.547057	1.607789
3.552939	1.607471
3.558822	1.608426
3.564704	1.608108
3.570586	1.609381
3.576469	1.607789
3.582351	1.609063
3.588233	1.609063
3.594116	1.608744
3.599998	1.608744
3.605881	1.608108
3.611763	1.607789
3.617645	1.609063
3.623528	1.609063
3.629410	1.608426
3.635292	1.608744
3.641175	1.608744
3.647057	1.608426
3.652939	1.608426
3.658822	1.607471
3.664704	1.609063
3.670586	1.608426
3.676469	1.609381
3.682351	1.607789
3.688233	1.607471
3.694116	1.608744
3.699998	1.607152
3.705880	1.607789
3.711763	1.608108
3.717645	1.608108
3.723528	1.608744
3.729410	1.608108
3.735292	1.608108
3.741175	1.607152
3.747057	1.607471
3.752939	1.608744
3.758822	1.608108
3.764704	1.608108
3.770586	1.608426
3.776469	1.608108
3.782351	1.607471
3.788233	1.607152
3.794116	1.607471
3.799998	1.608108
3.805880	1.608744
3.811763	1.607789
3.817645	1.607471
3.823527	1.607471
3.829410	1.607789
3.835292	1.609063
3.841175	1.608426
3.847057	1.608744
3.852939	1.609063
3.858822	1.607789
3.864704	1.608426
3.870586	1.607789
3.876469	1.608426
3.882351	1.609063
3.888233	1.609063
3.894116	1.609700
3.899998	1.608744
3.905880	1.608426
3.911763	1.608426
3.917645	1.607471
3.923527	1.608426
3.929410	1.609063
3.935292	1.609063
3.941174	1.608744
3.947057	1.608744
3.952939	1.607789
3.958822	1.608108
3.964704	1.608744
3.970586	1.609700
3.976469	1.609063
3.982351	1.607789
3.988233	1.608744
3.994116	1.609063
3.999998	1.607471
4.005880	1.609063
4.011763	1.607789
4.017645	1.608744
4.023527	1.608744
4.029410	1.607789
4.035292	1.607789
4.041174	1.607789
4.047057	1.607471
4.052939	1.608108
4.058821	1.607789
4.064704	1.607471
4.070586	1.608744
4.076469	1.608108
4.082351	1.607789
4.088233	1.608108
4.094116	1.608426
4.099998	1.609063
4.105880	1.609381
4.111763	1.608108
4.117645	1.608744
4.123527	1.607789
4.129410	1.608426
4.135292	1.609700
4.141174	1.608744
4.147057	1.607789
4.152939	1.608108
4.158821	1.607789
4.164704	1.607789
4.170586	1.607152
4.176468	1.607471
4.182351	1.608108
4.188233	1.608108
4.194116	1.609063
4.199998	1.608426
4.205880	1.608744
4.211763	1.607152
4.217645	1.608108
4.223527	1.608744
4.229410	1.609063
4.235292	1.608744
4.241174	1.608744
4.247057	1.607471
4.252939	1.607152
4.258821	1.606834
4.264704	1.608108
4.270586	1.607789
4.276468	1.607789
4.282351	1.608744
4.288233	1.609381
4.294116	1.608426
4.299998	1.608744
4.305880	1.608426
4.311763	1.608108
4.317645	1.609063
4.323527	1.607789
4.329410	1.608426
4.335292	1.607789
4.341174	1.607471
4.347057	1.607789
4.352939	1.607152
4.358821	1.606834
4.364704	1.608108
4.370586	1.607789
4.376468	1.607789
4.382351	1.608426
4.388233	1.607471
4.394115	1.607789
4.399998	1.608108
4.405880	1.607471
4.411763	1.609063
4.417645	1.607471
4.423527	1.607789
4.429410	1.608426
4.435292	1.607471
4.441174	1.607789
4.447057	1.607471
4.452939	1.606834
4.458821	1.607789
4.464704	1.608744
4.470586	1.607789
4.476468	1.608108
4.482351	1.607152
4.488233	1.607471
4.494115	1.607789
4.499998	1.606515
4.505880	1.607152
4.511762	1.607471
4.517645	1.607789
4.523527	1.607471
4.529409	1.607789
4.535292	1.607789
4.541174	1.607471
4.547057	1.607471
4.552939	1.607789
4.558821	1.607152
4.564704	1.607471
4.570586	1.607471
4.576468	1.607152
4.582351	1.606834
4.588233	1.607789
4.594115	1.607471
4.599998	1.608426
4.605880	1.608426
4.611762	1.607789
4.617645	1.607789
4.623527	1.606834
4.629409	1.607471
4.635292	1.607789
4.641174	1.607471
4.647056	1.608744
4.652939	1.607152
4.658821	1.607471
4.664704	1.606834
4.670586	1.606834
4.676468	1.607789
4.682351	1.606515
4.688233	1.607152
4.694115	1.608108
4.699998	1.606834
4.705880	1.607152
4.711762	1.607789
4.717645	1.607789
4.723527	1.607789
4.729409	1.608744
4.735292	1.608108
4.741174	1.608108
4.747056	1.607152
4.752939	1.608108
4.758821	1.607152
4.764703	1.607152
4.770586	1.608744
4.776468	1.607789
4.782351	1.608426
4.788233	1.608744
4.794115	1.607152
4.799998	1.607471
4.805880	1.607471
4.811762	1.607471
4.817645	1.608426
4.823527	1.607471
4.829409	1.607471
4.835292	1.607152
4.841174	1.607152
4.847056	1.607789
4.852939	1.608108
4.858821	1.608744
4.864703	1.608426
4.870586	1.607471
4.876468	1.607471
4.882350	1.607471
4.888233	1.608426
4.894115	1.608108
4.899998	1.606834
4.905880	1.608744
4.911762	1.606834
4.917645	1.606515
4.923527	1.608426
4.929409	1.607471
4.935292	1.608108
4.941174	1.609381
4.947056	1.607789
4.952939	1.608108
4.958821	1.608426
4.964703	1.607471
4.970586	1.608108
4.976468	1.608108
4.982350	1.607471
4.988233	1.607789
4.994115	1.606515
