LabVIEW Measurement	
Writer_Version	2
Reader_Version	2
Separator	Tab
Decimal_Separator	.
Multi_Headings	Yes
X_Columns	One
Time_Pref	Absolute
Operator	labuser
Date	1904/01/01
Time	01:00:00
***End_of_Header***	
	
Channels	1	
Samples	850	
Date	2022/05/23	
Time	18:19:46.1414226499999300471	
Y_Unit_Label	Volts	
X_Dimension	Time	
X0	0.0000000000000000E+0	
Delta_X	0.005882	
***End_of_Header***		
X_Value	Voltage	Comment
0.000000	1.634221
0.005882	1.506201
0.011765	1.643138
0.017647	1.632310
0.023529	1.619572
0.029412	1.641546
0.035294	1.652055
0.041176	1.629444
0.047059	1.559702
0.052941	1.549193
0.058824	1.655239
0.064706	1.648552
0.070588	1.652055
0.076471	1.651736
0.082353	1.654602
0.088235	1.572759
0.094118	1.624986
0.100000	1.570848
0.105882	1.571485
0.111765	1.654284
0.117647	1.554607
0.123529	1.585816
0.129412	1.623393
0.135294	1.672436
0.141176	1.562887
0.147059	1.638998
0.152941	1.669888
0.158823	1.650144
0.164706	1.624986
0.170588	1.594732
0.176471	1.581676
0.182353	1.651418
0.188235	1.618298
0.194118	1.609063
0.200000	1.629763
0.205882	1.569574
0.211765	1.649507
0.217647	1.531678
0.223529	1.639953
0.229412	1.603331
0.235294	1.495055
0.241176	1.686130
0.247059	1.617024
0.252941	1.655876
0.258823	1.638361
0.264706	1.653647
0.270588	1.566390
0.276470	1.514481
0.282353	1.577854
0.288235	1.547601
0.294117	1.588363
0.300000	1.695683
0.305882	1.553651
0.311765	1.622438
0.317647	1.631036
0.323529	1.618617
0.329412	1.667022
0.335294	1.652373
0.341176	1.641546
0.347059	1.631992
0.352941	1.644412
0.358823	1.673073
0.364706	1.624349
0.370588	1.619890
0.376470	1.680397
0.382353	1.629444
0.388235	1.620527
0.394117	1.481680
0.400000	1.522443
0.405882	1.605241
0.411764	1.530086
0.417647	1.643775
0.423529	1.667659
0.429412	1.655239
0.435294	1.619254
0.441176	1.520850
0.447059	1.650462
0.452941	1.638679
0.458823	1.614158
0.464706	1.646959
0.470588	1.530722
0.476470	1.652692
0.482353	1.664156
0.488235	1.618298
0.494117	1.640909
0.500000	1.496011
0.505882	1.628489
0.511764	1.652373
0.517647	1.524990
0.523529	1.618935
0.529411	1.446331
0.535294	1.670525
0.541176	1.660971
0.547059	1.623393
0.552941	1.622757
0.558823	1.556518
0.564706	1.642182
0.570588	1.662882
0.576470	1.600783
0.582353	1.662882
0.588235	1.643138
0.594117	1.607789
0.600000	1.413212
0.605882	1.613840
0.611764	1.647278
0.617647	1.661608
0.623529	1.531359
0.629411	1.503654
0.635294	1.607471
0.641176	1.652373
0.647058	1.635176
0.652941	1.621801
0.658823	1.608744
0.664706	1.673073
0.670588	1.557473
0.676470	1.654921
0.682353	1.653328
0.688235	1.673073
0.694117	1.466713
0.700000	1.653010
0.705882	1.373405
0.711764	1.357482
0.717647	1.581357
0.723529	1.577536
0.729411	1.518621
0.735294	1.579128
0.741176	1.646641
0.747058	1.630718
0.752941	1.495055
0.758823	1.502698
0.764705	1.639635
0.770588	1.640272
0.776470	1.522761
0.782353	1.624030
0.788235	1.622120
0.794117	1.493463
0.800000	1.661608
0.805882	1.645049
0.811764	1.575306
0.817647	1.658105
0.823529	1.665748
0.829411	1.578810
0.835294	1.574670
0.841176	1.531359
0.847058	1.645367
0.852941	1.596962
0.858823	1.666704
0.864705	1.626578
0.870588	1.536136
0.876470	1.638998
0.882352	1.498558
0.888235	1.654921
0.894117	1.554607
0.900000	1.561613
0.905882	1.497603
0.911764	1.512889
0.917647	1.603649
0.923529	1.665430
0.929411	1.637406
0.935294	1.655876
0.941176	1.478177
0.947058	1.572440
0.952941	1.555881
0.958823	1.593459
0.964705	1.657468
0.970588	1.602057
0.976470	1.579765
0.982352	1.632310
0.988235	1.603649
0.994117	1.650144
0.999999	1.569893
1.005882	1.624030
1.011764	1.617024
1.017647	1.508749
1.023529	1.653010
1.029411	1.510978
1.035294	1.518940
1.041176	1.622757
1.047058	1.643775
1.052941	1.586452
1.058823	1.624986
1.064705	1.482635
1.070588	1.614795
1.076470	1.593777
1.082352	1.674984
1.088235	1.632947
1.094117	1.519258
1.099999	1.661608
1.105882	1.603012
1.111764	1.624030
1.117646	1.642501
1.123529	1.631036
1.129411	1.514163
1.135294	1.620209
1.141176	1.669251
1.147058	1.613840
1.152941	1.549193
1.158823	1.626897
1.164705	1.549830
1.170588	1.627215
1.176470	1.527538
1.182352	1.655558
1.188235	1.613203
1.194117	1.659379
1.199999	1.654284
1.205882	1.648870
1.211764	1.636132
1.217646	1.688040
1.223529	1.485502
1.229411	1.634858
1.235294	1.496966
1.241176	1.644730
1.247058	1.645685
1.252941	1.456204
1.258823	1.639635
1.264705	1.681671
1.270588	1.567345
1.276470	1.669888
1.282352	1.573077
1.288235	1.517666
1.294117	1.486457
1.299999	1.441555
1.305882	1.541868
1.311764	1.586771
1.317646	1.461617
1.323529	1.620527
1.329411	1.575625
1.335293	1.661927
1.341176	1.574988
1.347058	1.554288
1.352940	1.569256
1.358823	1.497603
1.364705	1.673391
1.370588	1.548238
1.376470	1.664156
1.382352	1.662882
1.388235	1.646641
1.394117	1.655876
1.399999	1.648870
1.405882	1.547282
1.411764	1.588682
1.417646	1.516710
1.423529	1.602375
1.429411	1.572440
1.435293	1.619572
1.441176	1.537092
1.447058	1.619890
1.452940	1.649189
1.458823	1.455248
1.464705	1.621801
1.470587	1.653328
1.476470	1.648870
1.482352	1.600465
1.488235	1.647278
1.494117	1.608108
1.499999	1.597917
1.505882	1.468623
1.511764	1.634221
1.517646	1.671162
1.523529	1.653328
1.529411	1.643775
1.535293	1.578810
1.541176	1.611292
1.547058	1.615114
1.552940	1.617980
1.558823	1.614158
1.564705	1.546008
1.570587	1.539958
1.576470	1.581676
1.582352	1.530404
1.588234	1.555881
1.594117	1.609063
1.599999	1.633266
1.605882	1.516710
1.611764	1.649507
1.617646	1.625304
1.623529	1.539321
1.629411	1.653965
1.635293	1.481362
1.641176	1.592503
1.647058	1.652373
1.652940	1.597598
1.658823	1.631036
1.664705	1.665748
1.670587	1.645049
1.676470	1.658742
1.682352	1.505883
1.688234	1.650144
1.694117	1.609381
1.699999	1.627852
1.705881	1.606515
1.711764	1.644093
1.717646	1.620846
1.723529	1.631673
1.729411	1.625941
1.735293	1.664474
1.741176	1.589956
1.747058	1.619572
1.752940	1.659698
1.758823	1.580720
1.764705	1.560976
1.770587	1.560976
1.776470	1.421492
1.782352	1.653328
1.788234	1.660653
1.794117	1.650781
1.799999	1.589319
1.805881	1.650462
1.811764	1.625304
1.817646	1.557791
1.823528	1.646959
1.829411	1.607471
1.835293	1.560657
1.841176	1.644412
1.847058	1.624030
1.852940	1.540595
1.858823	1.603968
1.864705	1.602375
1.870587	1.601101
1.876470	1.511297
1.882352	1.657787
1.888234	1.623712
1.894117	1.641227
1.899999	1.640590
1.905881	1.575625
1.911764	1.617343
1.917646	1.626578
1.923528	1.652055
1.929411	1.670844
1.935293	1.539958
1.941175	1.635495
1.947058	1.615751
1.952940	1.615114
1.958823	1.670525
1.964705	1.643775
1.970587	1.657150
1.976470	1.606515
1.982352	1.613521
1.988234	1.596325
1.994117	1.650781
1.999999	1.657150
2.005881	1.585179
2.011764	1.591229
2.017646	1.633903
2.023528	1.487731
2.029411	1.630081
2.035293	1.603968
2.041175	1.619572
2.047058	1.674347
2.052940	1.607152
2.058822	1.638998
2.064705	1.681990
2.070587	1.606197
2.076470	1.655876
2.082352	1.601738
2.088234	1.588363
2.094117	1.690906
2.099999	1.591866
2.105881	1.648870
2.111764	1.563205
2.117646	1.528812
2.123528	1.640909
2.129411	1.612247
2.135293	1.664793
2.141175	1.594732
2.147058	1.668296
2.152940	1.588045
2.158822	1.617980
2.164705	1.633266
2.170587	1.620527
2.176470	1.573396
2.182352	1.587408
2.188234	1.586452
2.194117	1.649189
2.199999	1.511297
2.205881	1.579765
2.211764	1.598554
2.217646	1.625304
2.223528	1.630081
2.229411	1.612247
2.235293	1.599191
2.241175	1.606834
2.247058	1.632310
2.252940	1.649189
2.258822	1.604605
2.264705	1.520213
2.270587	1.653328
2.276469	1.662245
2.282352	1.517347
2.288234	1.650462
2.294116	1.554925
2.299999	1.637724
2.305881	1.627852
2.311764	1.612247
2.317646	1.638998
2.323528	1.671480
2.329411	1.666067
2.335293	1.354934
2.341175	1.652692
2.347058	1.468942
2.352940	1.524990
2.358822	1.524990
2.364705	1.602694
2.370587	1.634858
2.376469	1.646004
2.382352	1.609381
2.388234	1.567664
2.394116	1.467350
2.399999	1.630718
2.405881	1.608426
2.411763	1.527538
2.417646	1.669570
2.423528	1.499832
2.429411	1.556199
2.435293	1.430090
2.441175	1.615432
2.447058	1.507794
2.452940	1.619572
2.458822	1.678168
2.464705	1.567982
2.470587	1.643775
2.476469	1.660334
2.482352	1.576899
2.488234	1.673710
2.494116	1.625304
2.499999	1.581676
2.505881	1.664156
2.511763	1.537410
2.517646	1.635813
2.523528	1.578173
2.529411	1.675939
2.535293	1.587408
2.541175	1.369583
2.547058	1.671799
2.552940	1.646004
2.558822	1.544098
2.564705	1.658742
2.570587	1.581994
2.576469	1.627533
2.582352	1.661608
2.588234	1.573396
2.594116	1.530404
2.599999	1.565434
2.605881	1.615432
2.611763	1.617980
2.617646	1.590592
2.623528	1.569256
2.629410	1.513844
2.635293	1.500788
2.641175	1.588682
2.647057	1.530722
2.652940	1.618617
2.658822	1.471489
2.664705	1.625623
2.670587	1.603968
2.676469	1.613840
2.682352	1.631036
2.688234	1.635813
2.694116	1.690906
2.699999	1.672754
2.705881	1.595688
2.711763	1.595369
2.717646	1.472126
2.723528	1.628170
2.729410	1.632310
2.735293	1.625304
2.741175	1.616706
2.747057	1.547601
2.752940	1.630718
2.758822	1.530722
2.764704	1.536136
2.770587	1.630718
2.776469	1.575306
2.782352	1.479451
2.788234	1.603012
2.794116	1.492189
2.799999	1.583905
2.805881	1.636769
2.811763	1.626578
2.817646	1.714154
2.823528	1.635176
2.829410	1.685493
2.835293	1.514800
2.841175	1.641546
2.847057	1.596643
2.852940	1.620527
2.858822	1.659379
2.864704	1.540595
2.870587	1.609700
2.876469	1.641864
2.882351	1.624986
2.888234	1.581676
2.894116	1.559384
2.899999	1.604923
2.905881	1.627852
2.911763	1.526901
2.917646	1.506201
2.923528	1.639953
2.929410	1.599509
2.935293	1.636132
2.941175	1.636769
2.947057	1.517347
2.952940	1.658742
2.958822	1.630081
2.964704	1.618617
2.970587	1.631355
2.976469	1.590911
2.982351	1.560657
2.988234	1.516073
2.994116	1.627852
2.999998	1.510023
3.005881	1.636450
3.011763	1.621483
3.017646	1.528812
3.023528	1.623712
3.029410	1.676894
3.035293	1.508749
3.041175	1.659379
3.047057	1.651418
3.052940	1.569893
3.058822	1.679442
3.064704	1.633584
3.070587	1.613840
3.076469	1.641227
3.082351	1.660334
3.088234	1.671799
3.094116	1.645685
3.099998	1.661608
3.105881	1.652055
3.111763	1.601738
3.117646	1.589637
3.123528	1.621801
3.129410	1.632629
3.135293	1.499514
3.141175	1.626260
3.147057	1.657150
3.152940	1.619890
3.158822	1.537410
3.164704	1.668933
3.170587	1.484228
3.176469	1.481680
3.182351	1.409709
3.188234	1.626260
3.194116	1.416396
3.199998	1.409072
3.205881	1.566390
3.211763	1.590592
3.217645	1.571485
3.223528	1.614158
3.229410	1.586771
3.235292	1.636769
3.241175	1.565753
3.247057	1.655239
3.252940	1.554925
3.258822	1.662882
3.264704	1.525309
3.270587	1.613203
3.276469	1.625304
3.282351	1.572440
3.288234	1.504291
3.294116	1.610018
3.299998	1.522443
3.305881	1.426269
3.311763	1.669251
3.317645	1.583905
3.323528	1.579128
3.329410	1.597598
3.335292	1.515118
3.341175	1.642182
3.347057	1.646322
3.352939	1.589956
3.358822	1.603012
3.364704	1.549830
3.370587	1.687403
3.376469	1.600465
3.382351	1.627215
3.388234	1.640590
3.394116	1.527219
3.399998	1.552059
3.405881	1.616706
3.411763	1.489960
3.417645	1.517029
3.423528	1.638043
3.429410	1.640272
3.435292	1.616706
3.441175	1.565753
3.447057	1.638361
3.452939	1.609700
3.458822	1.629126
3.464704	1.586452
3.470587	1.504609
3.476469	1.590274
3.482351	1.643138
3.488234	1.590274
3.494116	1.513207
3.499998	1.643775
3.505881	1.572759
3.511763	1.662564
3.517645	1.612566
3.523528	1.620209
3.529410	1.673710
3.535292	1.493145
3.541175	1.591229
3.547057	1.590274
3.552939	1.628489
3.558822	1.582313
3.564704	1.637087
3.570586	1.631673
3.576469	1.656513
3.582351	1.647278
3.588233	1.588045
3.594116	1.575943
3.599998	1.594732
3.605881	1.619572
3.611763	1.531678
3.617645	1.638998
3.623528	1.529767
3.629410	1.653328
3.635292	1.654602
3.641175	1.605560
3.647057	1.640909
3.652939	1.614477
3.658822	1.576899
3.664704	1.657150
3.670586	1.649189
3.676469	1.640909
3.682351	1.617024
3.688233	1.569893
3.694116	1.659061
3.699998	1.644412
3.705880	1.633903
3.711763	1.671799
3.717645	1.645367
3.723528	1.646959
3.729410	1.651736
3.735292	1.642501
3.741175	1.615751
3.747057	1.552378
3.752939	1.613521
3.758822	1.627852
3.764704	1.577536
3.770586	1.527219
3.776469	1.525309
3.782351	1.406206
3.788233	1.638361
3.794116	1.412575
3.799998	1.643775
3.805880	1.659379
3.811763	1.610018
3.817645	1.642501
3.823527	1.522761
3.829410	1.643138
3.835292	1.655239
3.841175	1.628170
3.847057	1.643138
3.852939	1.590911
3.858822	1.681034
3.864704	1.660653
3.870586	1.635495
3.876469	1.651099
3.882351	1.651418
3.888233	1.617024
3.894116	1.596643
3.899998	1.642501
3.905880	1.567664
3.911763	1.629126
3.917645	1.644093
3.923527	1.656195
3.929410	1.519895
3.935292	1.598872
3.941174	1.662882
3.947057	1.620527
3.952939	1.646004
3.958822	1.412575
3.964704	1.652373
3.970586	1.513526
3.976469	1.640590
3.982351	1.579765
3.988233	1.576262
3.994116	1.661290
3.999998	1.487412
4.005880	1.518621
4.011763	1.653328
4.017645	1.395378
4.023527	1.641546
4.029410	1.648870
4.035292	1.565434
4.041174	1.669888
4.047057	1.621483
4.052939	1.642501
4.058821	1.610655
4.064704	1.660334
4.070586	1.535499
4.076469	1.473400
4.082351	1.608744
4.088233	1.486457
4.094116	1.603968
4.099998	1.638043
4.105880	1.468623
4.111763	1.630081
4.117645	1.618298
4.123527	1.638998
4.129410	1.674028
4.135292	1.576580
4.141174	1.642501
4.147057	1.658105
4.152939	1.599828
4.158821	1.641227
4.164704	1.599828
4.170586	1.643775
4.176468	1.625941
4.182351	1.634221
4.188233	1.653328
4.194116	1.559065
4.199998	1.649825
4.205880	1.535499
4.211763	1.614158
4.217645	1.547919
4.223527	1.521487
4.229410	1.657787
4.235292	1.591229
4.241174	1.571167
4.247057	1.578810
4.252939	1.432638
4.258821	1.628489
4.264704	1.597917
4.270586	1.663519
4.276468	1.618617
4.282351	1.564797
4.288233	1.650144
4.294116	1.648233
4.299998	1.498558
4.305880	1.688359
4.311763	1.632947
4.317645	1.536773
4.323527	1.612884
4.329410	1.604605
4.335292	1.606834
4.341174	1.548556
4.347057	1.469260
4.352939	1.623393
4.358821	1.479132
4.364704	1.574351
4.370586	1.628807
4.376468	1.633266
4.382351	1.612884
4.388233	1.504291
4.394115	1.623712
4.399998	1.594095
4.405880	1.511615
4.411763	1.599509
4.417645	1.580720
4.423527	1.613203
4.429410	1.628489
4.435292	1.571803
4.441174	1.680716
4.447057	1.582313
4.452939	1.664793
4.458821	1.600465
4.464704	1.568619
4.470586	1.587408
4.476468	1.652055
4.482351	1.612247
4.488233	1.652692
4.494115	1.445376
4.499998	1.612247
4.505880	1.600146
4.511762	1.621483
4.517645	1.639316
4.523527	1.626897
4.529409	1.545690
4.535292	1.670844
4.541174	1.540595
4.547057	1.650144
4.552939	1.582631
4.558821	1.530404
4.564704	1.564797
4.570586	1.524035
4.576468	1.575943
4.582351	1.646959
4.588233	1.461936
4.594115	1.629763
4.599998	1.455567
4.605880	1.509704
4.611762	1.627852
4.617645	1.534226
4.623527	1.488686
4.629409	1.510660
4.635292	1.661290
4.641174	1.517984
4.647056	1.591229
4.652939	1.592185
4.658821	1.545372
4.664704	1.650462
4.670586	1.617024
4.676468	1.600783
4.682351	1.566071
4.688233	1.584542
4.694115	1.654602
4.699998	1.533589
4.705880	1.620527
4.711762	1.553970
4.717645	1.637087
4.723527	1.628807
4.729409	1.586134
4.735292	1.571485
4.741174	1.681034
4.747056	1.635813
4.752939	1.624030
4.758821	1.534226
4.764703	1.608744
4.770586	1.551422
4.776468	1.491552
4.782351	1.599509
4.788233	1.624667
4.794115	1.614158
4.799998	1.652692
4.805880	1.615432
4.811762	1.572440
4.817645	1.672436
4.823527	1.560339
4.829409	1.660334
4.835292	1.480088
4.841174	1.631355
4.847056	1.572759
4.852939	1.456522
4.858821	1.585179
4.864703	1.646959
4.870586	1.498877
4.876468	1.662245
4.882350	1.531678
4.888233	1.552059
4.894115	1.567027
4.899998	1.486775
4.905880	1.647278
4.911762	1.593459
4.917645	1.589319
4.923527	1.626578
4.929409	1.616069
4.935292	1.658424
4.941174	1.512889
4.947056	1.533589
4.952939	1.533270
4.958821	1.554925
4.964703	1.577854
4.970586	1.632947
4.976468	1.627215
4.982350	1.606834
4.988233	1.673073
4.994115	1.550467

