0.000000	1.604923
0.005882	1.524672
0.011765	1.606197
0.017647	1.539958
0.023529	1.598554
0.029412	1.574351
0.035294	1.590911
0.041176	1.600465
0.047059	1.585497
0.052941	1.559065
0.058824	1.552696
0.064706	1.590911
0.070588	1.493781
0.076471	1.600465
0.082353	1.525946
0.088235	1.593140
0.094118	1.518303
0.100000	1.593140
0.105882	1.566071
0.111765	1.589000
0.117647	1.581676
0.123529	1.585179
0.129412	1.561931
0.135294	1.506520
0.141176	1.558428
0.147059	1.632310
0.152941	1.560976
0.158823	1.466394
0.164706	1.599828
0.170588	1.507475
0.176471	1.594414
0.182353	1.566708
0.188235	1.592503
0.194118	1.552059
0.200000	1.590592
0.205882	1.567982
0.211765	1.571485
0.217647	1.565434
0.223529	1.585816
0.229412	1.597598
0.235294	1.536773
0.241176	1.632310
0.247059	1.462891
0.252941	1.612247
0.258823	1.558428
0.264706	1.595688
0.270588	1.561294
0.276470	1.589000
0.282353	1.535818
0.288235	1.578491
0.294117	1.531041
0.300000	1.580720
0.305882	1.549193
0.311765	1.612247
0.317647	1.599191
0.323529	1.595051
0.329412	1.596325
0.335294	1.553333
0.341176	1.601101
0.347059	1.505246
0.352941	1.592503
0.358823	1.579128
0.364706	1.588682
0.370588	1.548875
0.376470	1.585179
0.382353	1.555562
0.388235	1.572759
0.394117	1.537729
0.400000	1.488686
0.405882	1.615751
0.411764	1.570211
0.417647	1.626260
0.423529	1.491234
0.429412	1.603012
0.435294	1.558110
0.441176	1.589000
0.447059	1.581357
0.452941	1.590911
0.458823	1.590274
0.464706	1.588682
0.470588	1.571167
0.476470	1.521487
0.482353	1.540913
0.488235	1.510978
0.494117	1.619890
0.500000	1.478496
0.505882	1.600146
0.511764	1.569256
0.517647	1.593459
0.523529	1.536773
0.529411	1.591229
0.535294	1.573077
0.541176	1.583905
0.547059	1.544098
0.552941	1.589956
0.558823	1.622757
0.564706	1.528493
0.570588	1.600783
0.576470	1.531996
0.582353	1.585816
0.588235	1.569893
0.594117	1.593777
0.600000	1.566390
0.605882	1.584860
0.611764	1.542824
0.617647	1.534862
0.623529	1.581039
0.629411	1.578810
0.635294	1.590911
0.641176	1.507794
0.647058	1.612566
0.652941	1.543779
0.658823	1.595688
0.664706	1.576580
0.670588	1.585179
0.676470	1.548556
0.682353	1.507794
0.688235	1.522761
0.694117	1.607152
0.700000	1.579765
0.705882	1.473719
0.711764	1.606834
0.717647	1.543461
0.723529	1.598235
0.729411	1.538047
0.735294	1.595369
0.741176	1.582631
0.747058	1.588682
0.752941	1.584860
0.758823	1.576580
0.764705	1.565753
0.770588	1.567345
0.776470	1.627533
0.782353	1.524353
0.788235	1.603012
0.794117	1.560021
0.800000	1.584542
0.805882	1.542824
0.811764	1.589956
0.817647	1.570848
0.823529	1.584860
0.829411	1.534862
0.835294	1.585497
0.841176	1.532633
0.847058	1.562887
0.852941	1.627852
0.858823	1.523398
0.864705	1.603012
0.870588	1.553333
0.876470	1.601738
0.882352	1.571167
0.888235	1.590274
0.894117	1.568300
0.900000	1.594095
0.905882	1.585816
0.911764	1.589956
0.917647	1.591866
0.923529	1.486457
0.929411	1.545053
0.935294	1.604286
0.941176	1.598554
0.947058	1.541550
0.952941	1.596325
0.958823	1.570211
0.964705	1.579128
0.970588	1.526264
0.976470	1.593459
0.982352	1.560976
0.988235	1.603968
0.994117	1.522761
0.999999	1.577536
1.005882	1.623393
1.011764	1.521169
1.017647	1.595369
1.023529	1.568300
1.029411	1.595369
1.035294	1.554925
1.041176	1.594095
1.047058	1.567982
1.052941	1.593459
1.058823	1.561613
1.064705	1.571803
1.070588	1.591866
1.076470	1.525946
1.082352	1.596962
1.088235	1.564160
1.094117	1.589956
1.099999	1.577854
1.105882	1.585497
1.111764	1.559384
1.117646	1.573714
1.123529	1.635495
1.129411	1.597598
1.135294	1.624986
1.141176	1.513526
1.147058	1.607789
1.152941	1.545690
1.158823	1.604286
1.164705	1.543142
1.170588	1.589000
1.176470	1.581039
1.182352	1.590274
1.188235	1.538365
1.194117	1.583268
1.199999	1.554288
1.205882	1.547282
1.211764	1.588045
1.217646	1.530086
1.223529	1.610655
1.229411	1.533907
1.235294	1.596325
1.241176	1.569256
1.247058	1.583268
1.252941	1.573077
1.258823	1.582949
1.264705	1.581039
1.270588	1.507794
1.276470	1.577536
1.282352	1.577536
1.288235	1.621164
1.294117	1.475311
1.299999	1.610655
1.305882	1.499832
1.311764	1.609381
1.317646	1.508749
1.323529	1.593459
1.329411	1.559702
1.335293	1.591866
1.341176	1.579765
1.347058	1.580720
1.352940	1.552696
1.358823	1.598554
1.364705	1.552378
1.370588	1.610655
1.376470	1.526264
1.382352	1.523080
1.388235	1.611292
1.394117	1.516392
1.399999	1.588045
1.405882	1.523398
1.411764	1.593459
1.417646	1.546008
1.423529	1.593777
1.429411	1.574033
1.435293	1.590274
1.441176	1.551741
1.447058	1.560657
1.452940	1.572759
1.458823	1.523398
1.464705	1.615751
1.470587	1.491234
1.476470	1.578810
1.482352	1.527856
1.488235	1.601738
1.494117	1.555881
1.499999	1.588045
1.505882	1.573396
1.511764	1.593459
1.517646	1.564479
1.523529	1.537729
1.529411	1.503017
1.535293	1.586452
1.541176	1.573077
1.547058	1.509067
1.552940	1.614158
1.558823	1.512889
1.564705	1.599191
1.570587	1.563524
1.576470	1.592822
1.582352	1.560976
1.588234	1.595688
1.594117	1.595369
1.599999	1.466076
1.605882	1.572122
1.611764	1.510341
1.617646	1.530404
1.623529	1.596325
1.629411	1.608108
1.635293	1.506201
1.641176	1.592503
1.647058	1.552696
1.652940	1.598872
1.658823	1.548238
1.664705	1.590592
1.670587	1.571485
1.676470	1.499514
1.682352	1.548238
1.688234	1.575943
1.694117	1.579446
1.699999	1.530404
1.705881	1.604605
1.711764	1.511934
1.717646	1.592822
1.723529	1.510660
1.729411	1.599828
1.735293	1.554607
1.741176	1.592822
1.747058	1.573077
1.752940	1.585179
1.758823	1.565434
1.764705	1.585497
1.770587	1.511615
1.776470	1.516710
1.782352	1.598554
1.788234	1.552059
1.794117	1.612566
1.799999	1.518940
1.805881	1.600146
1.811764	1.503017
1.817646	1.595051
1.823528	1.574988
1.829411	1.598235
1.835293	1.567345
1.841176	1.600146
1.847058	1.590911
1.852940	1.590911
1.858823	1.556518
1.864705	1.485820
1.870587	1.593459
1.876470	1.514163
1.882352	1.603331
1.888234	1.534226
1.894117	1.603968
1.899999	1.563842
1.905881	1.589000
1.911764	1.577217
1.917646	1.588682
1.923528	1.569893
1.929411	1.597917
1.935293	1.510341
1.941175	1.497921
1.947058	1.596325
1.952940	1.486775
1.958823	1.597280
1.964705	1.551104
1.970587	1.590911
1.976470	1.558110
1.982352	1.584860
1.988234	1.577536
1.994117	1.590274
1.999999	1.573396
2.005881	1.552059
2.011764	1.613203
2.017646	1.596962
2.023528	1.607471
2.029411	1.510341
2.035293	1.623075
2.041175	1.538047
2.047058	1.597917
2.052940	1.562887
2.058822	1.593140
2.064705	1.577536
2.070587	1.590911
2.076470	1.573714
2.082352	1.573077
2.088234	1.548556
2.094117	1.562250
2.099999	1.581676
2.105881	1.626260
2.111764	1.615432
2.117646	1.540595
2.123528	1.603331
2.129411	1.551422
2.135293	1.589319
2.141175	1.573714
2.147058	1.589956
2.152940	1.575625
2.158822	1.559702
2.164705	1.548238
2.170587	1.583905
2.176470	1.533589
2.182352	1.595369
2.188234	1.603012
2.194117	1.518621
2.199999	1.602057
2.205881	1.564479
2.211764	1.596962
2.217646	1.572759
2.223528	1.593140
2.229411	1.557154
2.235293	1.582313
2.241175	1.565116
2.247058	1.561294
2.252940	1.574988
2.258822	1.504927
2.264705	1.612247
2.270587	1.514800
2.276469	1.632629
2.282352	1.510341
2.288234	1.604923
2.294116	1.571485
2.299999	1.592503
2.305881	1.562250
2.311764	1.561931
2.317646	1.603012
2.323528	1.576580
2.329411	1.577536
2.335293	1.460344
2.341175	1.639953
2.347058	1.473719
2.352940	1.602375
2.358822	1.551422
2.364705	1.598872
2.370587	1.569574
2.376469	1.590911
2.382352	1.579765
2.388234	1.593140
2.394116	1.577536
2.399999	1.588363
2.405881	1.553651
2.411763	1.573396
2.417646	1.610655
2.423528	1.515118
2.429411	1.598235
2.435293	1.480725
2.441175	1.590274
2.447058	1.564797
2.452940	1.592185
2.458822	1.558747
2.464705	1.596006
2.470587	1.560021
2.476469	1.585179
2.482352	1.580402
2.488234	1.565434
2.494116	1.522761
2.499999	1.584542
2.505881	1.549830
2.511763	1.603968
2.517646	1.625623
2.523528	1.515437
2.529411	1.598872
2.535293	1.610018
2.541175	1.618298
2.547058	1.512889
2.552940	1.598872
2.558822	1.564479
2.564705	1.590911
2.570587	1.566708
2.576469	1.592185
2.582352	1.573714
2.588234	1.567027
2.594116	1.565434
2.599999	1.597917
2.605881	1.555881
2.611763	1.569256
2.617646	1.540595
2.623528	1.526901
2.629410	1.610337
2.635293	1.532952
2.641175	1.601738
2.647057	1.562887
2.652940	1.602057
2.658822	1.542824
2.664705	1.597917
2.670587	1.566708
2.676469	1.592185
2.682352	1.528812
2.688234	1.591548
2.694116	1.585179
2.699999	1.587408
2.705881	1.574351
2.711763	1.606834
2.717646	1.612566
2.723528	1.567027
2.729410	1.601738
2.735293	1.539958
2.741175	1.552696
2.747057	1.501743
2.752940	1.612247
2.758822	1.575943
2.764704	1.615751
2.770587	1.514481
2.776469	1.596962
2.782352	1.559702
2.788234	1.603649
2.794116	1.556518
2.799999	1.597280
2.805881	1.561931
2.811763	1.571485
2.817646	1.565434
2.823528	1.588363
2.829410	1.543461
2.835293	1.589637
2.841175	1.556199
2.847057	1.538684
2.852940	1.579765
2.858822	1.569256
2.864704	1.602375
2.870587	1.507794
2.876469	1.635813
2.882351	1.518621
2.888234	1.600146
2.894116	1.518621
2.899999	1.601101
2.905881	1.574351
2.911763	1.589956
2.917646	1.517029
2.923528	1.596962
2.929410	1.575306
2.935293	1.595051
2.941175	1.598872
2.947057	1.590274
2.952940	1.593459
2.958822	1.577854
2.964704	1.543142
2.970587	1.589956
2.976469	1.599191
2.982351	1.478496
2.988234	1.624986
2.994116	1.521487
2.999998	1.625941
3.005881	1.497285
3.011763	1.601420
3.017646	1.555881
3.023528	1.594414
3.029410	1.583586
3.035293	1.578173
3.041175	1.553970
3.047057	1.589637
3.052940	1.532315
3.058822	1.528175
3.064704	1.573714
3.070587	1.578810
3.076469	1.576580
3.082351	1.552378
3.088234	1.614795
3.094116	1.507794
3.099998	1.614158
3.105881	1.523080
3.111763	1.613521
3.117646	1.562887
3.123528	1.592822
3.129410	1.558747
3.135293	1.595688
3.141175	1.591866
3.147057	1.584542
3.152940	1.547601
3.158822	1.555244
3.164704	1.546008
3.170587	1.619254
3.176469	1.626897
3.182351	1.556836
3.188234	1.614795
3.194116	1.547282
3.199998	1.607789
3.205881	1.566390
3.211763	1.596643
3.217645	1.574033
3.223528	1.589637
3.229410	1.577536
3.235292	1.585497
3.241175	1.590274
3.247057	1.592503
3.252940	1.538365
3.258822	1.572440
3.264704	1.601420
3.270587	1.530404
3.276469	1.623712
3.282351	1.515437
3.288234	1.595369
3.294116	1.567345
3.299998	1.593777
3.305881	1.571803
3.311763	1.575625
3.317645	1.556199
3.323528	1.589956
3.329410	1.606834
3.335292	1.549830
3.341175	1.610974
3.347057	1.503335
3.352939	1.596962
3.358822	1.511297
3.364704	1.596962
3.370587	1.542505
3.376469	1.600465
3.382351	1.566071
3.388234	1.579128
3.394116	1.559065
3.399998	1.590274
3.405881	1.534862
3.411763	1.606515
3.417645	1.589637
3.423528	1.490597
3.429410	1.604286
3.435292	1.515437
3.441175	1.599509
3.447057	1.546645
3.452939	1.598554
3.458822	1.562568
3.464704	1.594414
3.470587	1.575943
3.476469	1.590911
3.482351	1.592185
3.488234	1.586452
3.494116	1.572440
3.499998	1.527219
3.505881	1.620209
3.511763	1.514163
3.517645	1.612247
3.523528	1.542187
3.529410	1.606197
3.535292	1.565434
3.541175	1.587408
3.547057	1.574351
3.552939	1.594732
3.558822	1.570530
3.564704	1.588045
3.570586	1.591866
3.576469	1.581039
3.582351	1.548875
3.588233	1.602375
3.594116	1.564160
3.599998	1.583905
3.605881	1.615751
3.611763	1.515755
3.617645	1.599191
3.623528	1.532315
3.629410	1.600465
3.635292	1.559384
3.641175	1.596643
3.647057	1.577536
3.652939	1.560021
3.658822	1.613203
3.664704	1.580083
3.670586	1.587726
3.676469	1.601738
3.682351	1.633266
3.688233	1.479451
3.694116	1.601738
3.699998	1.556518
3.705880	1.598235
3.711763	1.555881
3.717645	1.592822
3.723528	1.581676
3.729410	1.590274
3.735292	1.561931
3.741175	1.587726
3.747057	1.604923
3.752939	1.580720
3.758822	1.594095
3.764704	1.610974
3.770586	1.602375
3.776469	1.542824
3.782351	1.602694
3.788233	1.577536
3.794116	1.590911
3.799998	1.567664
3.805880	1.593140
3.811763	1.582631
3.817645	1.600146
3.823527	1.566071
3.829410	1.522124
3.835292	1.549830
3.841175	1.603331
3.847057	1.617661
3.852939	1.489642
3.858822	1.635495
3.864704	1.539002
3.870586	1.604923
3.876469	1.539002
3.882351	1.593140
3.888233	1.571167
3.894116	1.596962
3.899998	1.565753
3.905880	1.578491
3.911763	1.520532
3.917645	1.586771
3.923527	1.562250
3.929410	1.518303
3.935292	1.622757
3.941174	1.517029
3.947057	1.598872
3.952939	1.517666
3.958822	1.598554
3.964704	1.542505
3.970586	1.586771
3.976469	1.576262
3.982351	1.597917
3.988233	1.562568
3.994116	1.562250
3.999998	1.485820
4.005880	1.482954
4.011763	1.598554
4.017645	1.556518
4.023527	1.604286
4.029410	1.503017
4.035292	1.593777
4.041174	1.548875
4.047057	1.594732
4.052939	1.553970
4.058821	1.594414
4.064704	1.537410
4.070586	1.589000
4.076469	1.582631
4.082351	1.499514
4.088233	1.569256
4.094116	1.597280
4.099998	1.564160
4.105880	1.575943
4.111763	1.617343
4.117645	1.478496
4.123527	1.594732
4.129410	1.475311
4.135292	1.605241
4.141174	1.535818
4.147057	1.602057
4.152939	1.571167
4.158821	1.594095
4.164704	1.524672
4.170586	1.589637
4.176468	1.587089
4.182351	1.599828
4.188233	1.579128
4.194116	1.592185
4.199998	1.609381
4.205880	1.533589
4.211763	1.608744
4.217645	1.498558
4.223527	1.603968
4.229410	1.506838
4.235292	1.614477
4.241174	1.543142
4.247057	1.597917
4.252939	1.535818
4.258821	1.592822
4.264704	1.563524
4.270586	1.590274
4.276468	1.575306
4.282351	1.578810
4.288233	1.578810
4.294116	1.593140
4.299998	1.567664
4.305880	1.508112
4.311763	1.591866
4.317645	1.519577
4.323527	1.597598
4.329410	1.563524
4.335292	1.594414
4.341174	1.562887
4.347057	1.601101
4.352939	1.573714
4.358821	1.591866
4.364704	1.505883
4.370586	1.580720
4.376468	1.587408
4.382351	1.530404
4.388233	1.564479
4.394115	1.506201
4.399998	1.596325
4.405880	1.509386
4.411763	1.593777
4.417645	1.557154
4.423527	1.553014
4.429410	1.547919
4.435292	1.593777
4.441174	1.579765
4.447057	1.567345
4.452939	1.575625
4.458821	1.561294
4.464704	1.488049
4.470586	1.531996
4.476468	1.551104
4.482351	1.520213
4.488233	1.598235
4.494115	1.549511
4.499998	1.593140
4.505880	1.578491
4.511762	1.588682
4.517645	1.585816
4.523527	1.603012
4.529409	1.609700
4.535292	1.571167
4.541174	1.567664
4.547057	1.522124
4.552939	1.557473
4.558821	1.552378
4.564704	1.615751
4.570586	1.471171
4.576468	1.614795
4.582351	1.553651
4.588233	1.589637
4.594115	1.563524
4.599998	1.613203
4.605880	1.560339
4.611762	1.548875
4.617645	1.551422
4.623527	1.547919
4.629409	1.583268
4.635292	1.552378
4.641174	1.559065
4.647056	1.584860
4.652939	1.577854
4.658821	1.519895
4.664704	1.617980
4.670586	1.506201
4.676468	1.598554
4.682351	1.554925
4.688233	1.593777
4.694115	1.567027
4.699998	1.592822
4.705880	1.587726
4.711762	1.591548
4.717645	1.537729
4.723527	1.553651
4.729409	1.586452
4.735292	1.603012
4.741174	1.606515
4.747056	1.481680
4.752939	1.617343
4.758821	1.527219
4.764703	1.596643
4.770586	1.555244
4.776468	1.591548
4.782351	1.572759
4.788233	1.574988
4.794115	1.585816
4.799998	1.588045
4.805880	1.554607
4.811762	1.556199
4.817645	1.598235
4.823527	1.541868
4.829409	1.599828
4.835292	1.604605
4.841174	1.605878
4.847056	1.531996
4.852939	1.597280
4.858821	1.557791
4.864703	1.592822
4.870586	1.517984
4.876468	1.588045
4.882350	1.596962
4.888233	1.592185
4.894115	1.546327
4.899998	1.589637
4.905880	1.579128
4.911762	1.567027
4.917645	1.585816
4.923527	1.512889
4.929409	1.602375
4.935292	1.557154
4.941174	1.589000
4.947056	1.550467
4.952939	1.590592
4.958821	1.577536
4.964703	1.597598
4.970586	1.521806
4.976468	1.585816
4.982350	1.575306
4.988233	1.606515
4.994115	1.622757
