0.000000	1.602694
0.005882	1.607152
0.011765	1.603968
0.017647	1.608108
0.023529	1.604286
0.029412	1.604605
0.035294	1.603012
0.041176	1.606197
0.047059	1.610974
0.052941	1.605241
0.058824	1.611929
0.064706	1.603968
0.070588	1.600146
0.076471	1.605878
0.082353	1.617024
0.088235	1.606197
0.094118	1.602375
0.100000	1.597280
0.105882	1.614795
0.111765	1.606515
0.117647	1.608426
0.123529	1.601420
0.129412	1.614477
0.135294	1.604923
0.141176	1.602694
0.147059	1.612566
0.152941	1.595051
0.158823	1.611929
0.164706	1.601101
0.170588	1.595369
0.176471	1.603649
0.182353	1.605878
0.188235	1.613521
0.194118	1.603649
0.200000	1.616069
0.205882	1.604286
0.211765	1.607789
0.217647	1.602375
0.223529	1.607789
0.229412	1.608108
0.235294	1.614795
0.241176	1.600146
0.247059	1.605241
0.252941	1.617343
0.258823	1.609063
0.264706	1.603649
0.270588	1.607152
0.276470	1.601420
0.282353	1.599191
0.288235	1.617980
0.294117	1.601101
0.300000	1.607152
0.305882	1.608426
0.311765	1.600783
0.317647	1.618935
0.323529	1.602694
0.329412	1.598235
0.335294	1.605560
0.341176	1.601420
0.347059	1.616069
0.352941	1.615114
0.358823	1.585497
0.364706	1.602694
0.370588	1.604286
0.376470	1.603012
0.382353	1.604605
0.388235	1.600146
0.394117	1.608426
0.400000	1.619254
0.405882	1.603012
0.411764	1.603331
0.417647	1.612566
0.423529	1.607789
0.429412	1.631355
0.435294	1.597598
0.441176	1.602057
0.447059	1.611292
0.452941	1.628170
0.458823	1.607789
0.464706	1.621164
0.470588	1.604605
0.476470	1.617980
0.482353	1.603649
0.488235	1.603649
0.494117	1.595688
0.500000	1.607789
0.505882	1.611929
0.511764	1.600783
0.517647	1.603331
0.523529	1.603649
0.529411	1.611929
0.535294	1.606197
0.541176	1.610337
0.547059	1.613840
0.552941	1.612247
0.558823	1.608426
0.564706	1.599828
0.570588	1.615114
0.576470	1.602694
0.582353	1.602694
0.588235	1.603968
0.594117	1.609381
0.600000	1.615751
0.605882	1.609063
0.611764	1.609700
0.617647	1.608426
0.623529	1.611292
0.629411	1.604286
0.635294	1.603012
0.641176	1.598554
0.647058	1.601101
0.652941	1.599191
0.658823	1.610337
0.664706	1.609700
0.670588	1.606515
0.676470	1.601420
0.682353	1.605241
0.688235	1.612247
0.694117	1.601101
0.700000	1.601420
0.705882	1.611929
0.711764	1.626897
0.717647	1.609700
0.723529	1.605241
0.729411	1.609063
0.735294	1.600146
0.741176	1.601738
0.747058	1.607152
0.752941	1.604286
0.758823	1.598235
0.764705	1.603649
0.770588	1.607471
0.776470	1.597598
0.782353	1.598872
0.788235	1.594732
0.794117	1.597917
0.800000	1.601101
0.805882	1.610974
0.811764	1.608744
0.817647	1.602057
0.823529	1.608744
0.829411	1.624667
0.835294	1.605878
0.841176	1.596962
0.847058	1.596325
0.852941	1.599191
0.858823	1.603012
0.864705	1.601420
0.870588	1.597917
0.876470	1.609063
0.882352	1.591548
0.888235	1.610974
0.894117	1.604605
0.900000	1.602375
0.905882	1.614158
0.911764	1.597598
0.917647	1.601738
0.923529	1.604286
0.929411	1.615432
0.935294	1.607789
0.941176	1.597598
0.947058	1.605241
0.952941	1.595051
0.958823	1.612884
0.964705	1.596325
0.970588	1.610974
0.976470	1.598554
0.982352	1.609063
0.988235	1.605241
0.994117	1.600465
0.999999	1.611929
1.005882	1.604286
1.011764	1.601738
1.017647	1.610337
1.023529	1.606197
1.029411	1.598872
1.035294	1.609381
1.041176	1.599191
1.047058	1.603331
1.052941	1.606197
1.058823	1.611929
1.064705	1.608426
1.070588	1.606197
1.076470	1.603968
1.082352	1.608108
1.088235	1.603649
1.094117	1.596962
1.099999	1.602375
1.105882	1.608108
1.111764	1.609381
1.117646	1.613203
1.123529	1.605560
1.129411	1.607789
1.135294	1.601738
1.141176	1.604286
1.147058	1.605560
1.152941	1.605560
1.158823	1.604605
1.164705	1.607152
1.170588	1.607152
1.176470	1.605560
1.182352	1.609700
1.188235	1.622438
1.194117	1.614795
1.199999	1.607152
1.205882	1.608108
1.211764	1.592822
1.217646	1.612566
1.223529	1.607152
1.229411	1.620209
1.235294	1.602057
1.241176	1.600146
1.247058	1.610655
1.252941	1.613521
1.258823	1.592822
1.264705	1.608426
1.270588	1.601420
1.276470	1.608426
1.282352	1.597280
1.288235	1.603649
1.294117	1.608744
1.299999	1.606197
1.305882	1.600465
1.311764	1.603649
1.317646	1.619254
1.323529	1.610974
1.329411	1.610974
1.335293	1.597280
1.341176	1.608744
1.347058	1.600783
1.352940	1.603331
1.358823	1.601738
1.364705	1.615432
1.370588	1.606834
1.376470	1.609381
1.382352	1.603649
1.388235	1.602694
1.394117	1.615432
1.399999	1.611292
1.405882	1.607152
1.411764	1.603649
1.417646	1.607789
1.423529	1.602057
1.429411	1.610337
1.435293	1.616069
1.441176	1.614158
1.447058	1.596006
1.452940	1.592822
1.458823	1.600465
1.464705	1.612247
1.470587	1.609063
1.476470	1.616706
1.482352	1.602057
1.488235	1.612247
1.494117	1.609063
1.499999	1.604286
1.505882	1.613840
1.511764	1.622757
1.517646	1.604286
1.523529	1.601420
1.529411	1.617980
1.535293	1.610655
1.541176	1.610655
1.547058	1.620527
1.552940	1.611929
1.558823	1.593140
1.564705	1.603012
1.570587	1.607789
1.576470	1.602694
1.582352	1.603012
1.588234	1.607152
1.594117	1.607789
1.599999	1.601738
1.605882	1.609381
1.611764	1.600465
1.617646	1.615432
1.623529	1.605878
1.629411	1.608108
1.635293	1.597598
1.641176	1.597598
1.647058	1.603012
1.652940	1.599509
1.658823	1.608426
1.664705	1.607471
1.670587	1.603649
1.676470	1.621483
1.682352	1.605560
1.688234	1.614795
1.694117	1.613203
1.699999	1.619572
1.705881	1.609700
1.711764	1.609700
1.717646	1.607152
1.723529	1.604923
1.729411	1.611929
1.735293	1.605560
1.741176	1.602057
1.747058	1.605241
1.752940	1.602057
1.758823	1.613840
1.764705	1.607789
1.770587	1.610974
1.776470	1.598554
1.782352	1.603968
1.788234	1.606834
1.794117	1.609381
1.799999	1.602694
1.805881	1.599191
1.811764	1.605241
1.817646	1.605241
1.823528	1.613840
1.829411	1.601420
1.835293	1.613840
1.841176	1.605241
1.847058	1.610655
1.852940	1.623393
1.858823	1.605878
1.864705	1.609700
1.870587	1.607152
1.876470	1.605878
1.882352	1.604923
1.888234	1.601420
1.894117	1.596962
1.899999	1.600465
1.905881	1.603968
1.911764	1.606515
1.917646	1.613840
1.923528	1.596325
1.929411	1.613521
1.935293	1.608744
1.941175	1.604605
1.947058	1.613840
1.952940	1.608108
1.958823	1.620209
1.964705	1.617661
1.970587	1.603331
1.976470	1.610974
1.982352	1.601101
1.988234	1.607152
1.994117	1.621164
1.999999	1.599828
2.005881	1.607152
2.011764	1.606197
2.017646	1.611611
2.023528	1.604923
2.029411	1.603331
2.035293	1.595051
2.041175	1.596325
2.047058	1.621801
2.052940	1.607789
2.058822	1.595369
2.064705	1.607152
2.070587	1.608426
2.076470	1.602375
2.082352	1.600783
2.088234	1.612566
2.094117	1.613840
2.099999	1.598235
2.105881	1.607152
2.111764	1.610018
2.117646	1.610018
2.123528	1.601420
2.129411	1.610337
2.135293	1.606515
2.141175	1.603968
2.147058	1.596325
2.152940	1.613203
2.158822	1.601420
2.164705	1.613203
2.170587	1.609381
2.176470	1.615432
2.182352	1.609063
2.188234	1.607471
2.194117	1.597280
2.199999	1.596962
2.205881	1.609381
2.211764	1.601420
2.217646	1.611292
2.223528	1.603331
2.229411	1.613840
2.235293	1.603012
2.241175	1.613203
2.247058	1.606834
2.252940	1.601738
2.258822	1.606515
2.264705	1.603649
2.270587	1.601420
2.276469	1.610018
2.282352	1.604605
2.288234	1.597598
2.294116	1.618298
2.299999	1.617024
2.305881	1.599509
2.311764	1.600146
2.317646	1.604923
2.323528	1.611292
2.329411	1.603649
2.335293	1.603649
2.341175	1.602057
2.347058	1.596325
2.352940	1.609381
2.358822	1.610655
2.364705	1.608108
2.370587	1.600783
2.376469	1.607789
2.382352	1.619890
2.388234	1.615114
2.394116	1.606515
2.399999	1.604286
2.405881	1.605241
2.411763	1.603331
2.417646	1.605241
2.423528	1.607152
2.429411	1.608108
2.435293	1.606834
2.441175	1.603012
2.447058	1.600465
2.452940	1.609700
2.458822	1.621164
2.464705	1.599828
2.470587	1.603649
2.476469	1.614158
2.482352	1.610337
2.488234	1.601738
2.494116	1.604605
2.499999	1.605878
2.505881	1.609700
2.511763	1.613203
2.517646	1.607152
2.523528	1.601420
2.529411	1.611929
2.535293	1.608744
2.541175	1.616706
2.547058	1.613203
2.552940	1.606197
2.558822	1.611929
2.564705	1.606834
2.570587	1.614158
2.576469	1.603649
2.582352	1.597280
2.588234	1.599191
2.594116	1.603649
2.599999	1.611929
2.605881	1.615114
2.611763	1.604286
2.617646	1.616387
2.623528	1.611929
2.629410	1.611292
2.635293	1.616069
2.641175	1.604923
2.647057	1.610655
2.652940	1.602694
2.658822	1.610337
2.664705	1.612247
2.670587	1.598872
2.676469	1.607789
2.682352	1.610337
2.688234	1.603968
2.694116	1.603012
2.699999	1.612247
2.705881	1.611929
2.711763	1.612566
2.717646	1.604605
2.723528	1.609700
2.729410	1.607789
2.735293	1.603012
2.741175	1.603012
2.747057	1.605241
2.752940	1.616706
2.758822	1.609700
2.764704	1.606515
2.770587	1.617024
2.776469	1.610974
2.782352	1.602375
2.788234	1.604605
2.794116	1.600146
2.799999	1.602057
2.805881	1.604286
2.811763	1.602694
2.817646	1.596962
2.823528	1.596643
2.829410	1.605241
2.835293	1.602057
2.841175	1.611292
2.847057	1.594732
2.852940	1.618298
2.858822	1.611292
2.864704	1.608108
2.870587	1.610974
2.876469	1.603649
2.882351	1.604286
2.888234	1.603331
2.894116	1.613203
2.899999	1.597280
2.905881	1.610337
2.911763	1.606515
2.917646	1.607152
2.923528	1.607471
2.929410	1.592822
2.935293	1.601420
2.941175	1.618935
2.947057	1.611611
2.952940	1.601738
2.958822	1.602694
2.964704	1.602057
2.970587	1.607789
2.976469	1.605241
2.982351	1.597917
2.988234	1.603968
2.994116	1.609700
2.999998	1.603012
3.005881	1.598554
3.011763	1.615114
3.017646	1.604605
3.023528	1.612247
3.029410	1.610655
3.035293	1.606515
3.041175	1.601738
3.047057	1.615114
3.052940	1.610337
3.058822	1.612247
3.064704	1.601738
3.070587	1.608108
3.076469	1.615751
3.082351	1.612247
3.088234	1.602057
3.094116	1.611611
3.099998	1.606515
3.105881	1.604286
3.111763	1.609381
3.117646	1.603968
3.123528	1.607471
3.129410	1.609063
3.135293	1.599191
3.141175	1.603331
3.147057	1.596962
3.152940	1.607471
3.158822	1.598554
3.164704	1.619890
3.170587	1.597598
3.176469	1.606197
3.182351	1.621164
3.188234	1.604605
3.194116	1.603649
3.199998	1.609700
3.205881	1.607152
3.211763	1.605878
3.217645	1.603012
3.223528	1.606515
3.229410	1.604605
3.235292	1.610655
3.241175	1.605241
3.247057	1.605560
3.252940	1.608108
3.258822	1.613840
3.264704	1.607152
3.270587	1.608426
3.276469	1.601420
3.282351	1.606197
3.288234	1.602057
3.294116	1.609700
3.299998	1.604605
3.305881	1.597917
3.311763	1.601738
3.317645	1.604605
3.323528	1.607152
3.329410	1.604286
3.335292	1.604923
3.341175	1.606197
3.347057	1.611292
3.352939	1.615751
3.358822	1.607789
3.364704	1.613840
3.370587	1.607152
3.376469	1.609063
3.382351	1.610018
3.388234	1.606515
3.394116	1.611292
3.399998	1.608426
3.405881	1.614158
3.411763	1.613840
3.417645	1.609063
3.423528	1.601738
3.429410	1.598872
3.435292	1.603968
3.441175	1.599191
3.447057	1.605241
3.452939	1.603968
3.458822	1.604286
3.464704	1.623075
3.470587	1.607152
3.476469	1.614795
3.482351	1.597917
3.488234	1.615114
3.494116	1.607471
3.499998	1.611292
3.505881	1.612247
3.511763	1.603331
3.517645	1.602375
3.523528	1.600465
3.529410	1.610655
3.535292	1.603012
3.541175	1.602694
3.547057	1.602057
3.552939	1.607152
3.558822	1.613203
3.564704	1.605878
3.570586	1.611611
3.576469	1.605878
3.582351	1.600146
3.588233	1.597917
3.594116	1.601101
3.599998	1.605241
3.605881	1.607152
3.611763	1.602375
3.617645	1.607789
3.623528	1.610337
3.629410	1.599828
3.635292	1.594414
3.641175	1.602375
3.647057	1.583586
3.652939	1.604923
3.658822	1.599828
3.664704	1.611611
3.670586	1.610974
3.676469	1.610655
3.682351	1.606834
3.688233	1.603012
3.694116	1.614158
3.699998	1.592185
3.705880	1.605241
3.711763	1.600465
3.717645	1.607152
3.723528	1.623075
3.729410	1.603968
3.735292	1.609700
3.741175	1.609700
3.747057	1.610655
3.752939	1.606197
3.758822	1.611611
3.764704	1.606834
3.770586	1.602694
3.776469	1.618298
3.782351	1.609700
3.788233	1.617980
3.794116	1.607471
3.799998	1.605241
3.805880	1.600465
3.811763	1.613840
3.817645	1.606834
3.823527	1.604286
3.829410	1.608426
3.835292	1.616387
3.841175	1.609381
3.847057	1.595051
3.852939	1.609063
3.858822	1.605241
3.864704	1.612566
3.870586	1.602057
3.876469	1.608426
3.882351	1.597598
3.888233	1.611292
3.894116	1.593777
3.899998	1.607789
3.905880	1.599509
3.911763	1.604286
3.917645	1.601738
3.923527	1.602694
3.929410	1.625941
3.935292	1.605241
3.941174	1.603012
3.947057	1.589956
3.952939	1.605560
3.958822	1.612247
3.964704	1.593459
3.970586	1.611929
3.976469	1.612247
3.982351	1.611292
3.988233	1.598872
3.994116	1.603012
3.999998	1.606834
4.005880	1.603968
4.011763	1.601101
4.017645	1.604286
4.023527	1.605560
4.029410	1.607471
4.035292	1.611292
4.041174	1.616387
4.047057	1.613840
4.052939	1.605878
4.058821	1.599509
4.064704	1.606197
4.070586	1.619572
4.076469	1.612566
4.082351	1.599828
4.088233	1.606515
4.094116	1.593459
4.099998	1.601738
4.105880	1.595051
4.111763	1.599509
4.117645	1.612247
4.123527	1.602694
4.129410	1.609381
4.135292	1.604286
4.141174	1.609700
4.147057	1.607152
4.152939	1.615114
4.158821	1.616069
4.164704	1.610337
4.170586	1.609700
4.176468	1.601420
4.182351	1.607152
4.188233	1.598872
4.194116	1.603968
4.199998	1.608108
4.205880	1.604923
4.211763	1.611929
4.217645	1.604923
4.223527	1.602375
4.229410	1.605878
4.235292	1.610337
4.241174	1.608108
4.247057	1.604923
4.252939	1.601738
4.258821	1.599828
4.264704	1.608426
4.270586	1.608744
4.276468	1.603331
4.282351	1.614477
4.288233	1.606197
4.294116	1.603649
4.299998	1.601738
4.305880	1.602694
4.311763	1.609700
4.317645	1.607789
4.323527	1.627215
4.329410	1.603012
4.335292	1.603012
4.341174	1.597598
4.347057	1.609063
4.352939	1.600465
4.358821	1.606197
4.364704	1.596325
4.370586	1.606834
4.376468	1.596643
4.382351	1.601738
4.388233	1.599509
4.394115	1.610337
4.399998	1.619572
4.405880	1.613521
4.411763	1.600465
4.417645	1.609063
4.423527	1.614158
4.429410	1.607789
4.435292	1.618617
4.441174	1.604286
4.447057	1.606197
4.452939	1.601420
4.458821	1.615751
4.464704	1.612247
4.470586	1.605878
4.476468	1.614795
4.482351	1.607152
4.488233	1.609063
4.494115	1.610018
4.499998	1.608108
4.505880	1.610974
4.511762	1.603012
4.517645	1.601101
4.523527	1.623393
4.529409	1.603012
4.535292	1.597917
4.541174	1.607471
4.547057	1.600146
4.552939	1.605241
4.558821	1.609700
4.564704	1.613840
4.570586	1.616069
4.576468	1.619254
4.582351	1.609700
4.588233	1.597917
4.594115	1.597280
4.599998	1.612247
4.605880	1.611611
4.611762	1.612247
4.617645	1.608426
4.623527	1.616387
4.629409	1.609063
4.635292	1.608744
4.641174	1.609381
4.647056	1.618617
4.652939	1.604286
4.658821	1.615751
4.664704	1.598554
4.670586	1.622757
4.676468	1.603012
4.682351	1.606515
4.688233	1.605878
4.694115	1.609700
4.699998	1.600146
4.705880	1.601420
4.711762	1.616069
4.717645	1.602057
4.723527	1.609063
4.729409	1.614795
4.735292	1.593459
4.741174	1.619254
4.747056	1.602057
4.752939	1.606834
4.758821	1.605878
4.764703	1.607152
4.770586	1.608426
4.776468	1.597917
4.782351	1.603649
4.788233	1.606197
4.794115	1.617980
4.799998	1.603012
4.805880	1.607789
4.811762	1.603649
4.817645	1.606834
4.823527	1.591866
4.829409	1.613521
4.835292	1.604923
4.841174	1.604605
4.847056	1.606197
4.852939	1.604923
4.858821	1.603012
4.864703	1.604605
4.870586	1.598235
4.876468	1.598872
4.882350	1.601738
4.888233	1.602375
4.894115	1.602375
4.899998	1.603649
4.905880	1.608426
4.911762	1.601738
4.917645	1.600465
4.923527	1.604923
4.929409	1.612566
4.935292	1.603012
4.941174	1.601101
4.947056	1.600146
4.952939	1.611929
4.958821	1.608108
4.964703	1.610655
4.970586	1.598872
4.976468	1.614158
4.982350	1.604605
4.988233	1.605560
4.994115	1.607789
