LabVIEW Measurement	
Writer_Version	2
Reader_Version	2
Separator	Tab
Decimal_Separator	.
Multi_Headings	Yes
X_Columns	One
Time_Pref	Absolute
Operator	labuser
Date	1904/01/01
Time	01:00:00
***End_of_Header***	
	
Channels	1	
Samples	850	
Date	2022/05/23	
Time	18:23:28.185248949999907354	
Y_Unit_Label	Volts	
X_Dimension	Time	
X0	0.0000000000000000E+0	
Delta_X	0.005882	
***End_of_Header***		
X_Value	Voltage	Comment
0.000000	1.614795
0.005882	1.432001
0.011765	1.597280
0.017647	1.509704
0.023529	1.485820
0.029412	1.546964
0.035294	1.448242
0.041176	1.506520
0.047059	1.653965
0.052941	1.395697
0.058824	1.674347
0.064706	1.667022
0.070588	1.422766
0.076471	1.709058
0.082353	1.467668
0.088235	1.635176
0.094118	1.598872
0.100000	1.440599
0.105882	1.629444
0.111765	1.379774
0.117647	1.627852
0.123529	1.473719
0.129412	1.518940
0.135294	1.552059
0.141176	1.296975
0.147059	1.690906
0.152941	1.505883
0.158823	1.421173
0.164706	1.472445
0.170588	1.577217
0.176471	1.578810
0.182353	1.619254
0.188235	1.605560
0.194118	1.431045
0.200000	1.489005
0.205882	1.610018
0.211765	1.556518
0.217647	1.602694
0.223529	1.568619
0.229412	1.597917
0.235294	1.645049
0.241176	1.555881
0.247059	1.648552
0.252941	1.489642
0.258823	1.278823
0.264706	1.701734
0.270588	1.535499
0.276470	1.484546
0.282353	1.626578
0.288235	1.507157
0.294117	1.413212
0.300000	1.500469
0.305882	1.429772
0.311765	1.482317
0.317647	1.408753
0.323529	1.668296
0.329412	1.531041
0.335294	1.569574
0.341176	1.497603
0.347059	1.552696
0.352941	1.593777
0.358823	1.471489
0.364706	1.512570
0.370588	1.414486
0.376470	1.421173
0.382353	1.536136
0.388235	1.539958
0.394117	1.250480
0.400000	1.510341
0.405882	1.333598
0.411764	1.431045
0.417647	1.516392
0.423529	1.398563
0.429412	1.646004
0.435294	1.370539
0.441176	1.491871
0.447059	1.433275
0.452941	1.499832
0.458823	1.399518
0.464706	1.473719
0.470588	1.435504
0.476470	1.348565
0.482353	1.504927
0.488235	1.521806
0.494117	1.546008
0.500000	1.612566
0.505882	1.524353
0.511764	1.579446
0.517647	1.463528
0.523529	1.688359
0.529411	1.566708
0.535294	1.424358
0.541176	1.647596
0.547059	1.514481
0.552941	1.567345
0.558823	1.634539
0.564706	1.596006
0.570588	1.549193
0.576470	1.508431
0.582353	1.657150
0.588235	1.605560
0.594117	1.653010
0.600000	1.653965
0.605882	1.448242
0.611764	1.607152
0.617647	1.553333
0.623529	1.290606
0.629411	1.483272
0.635294	1.360348
0.641176	1.653010
0.647058	1.489323
0.652941	1.536455
0.658823	1.676576
0.664706	1.571167
0.670588	1.483909
0.676470	1.481043
0.682353	1.508112
0.688235	1.600146
0.694117	1.581357
0.700000	1.492189
0.705882	1.416715
0.711764	1.607471
0.717647	1.274046
0.723529	1.558747
0.729411	1.401429
0.735294	1.663838
0.741176	1.501424
0.747058	1.482317
0.752941	1.485502
0.758823	1.496011
0.764705	1.556518
0.770588	1.487731
0.776470	1.511615
0.782353	1.564797
0.788235	1.321496
0.794117	1.557154
0.800000	1.488686
0.805882	1.496648
0.811764	1.537729
0.817647	1.433593
0.823529	1.566708
0.829411	1.529449
0.835294	1.488686
0.841176	1.541550
0.847058	1.502061
0.852941	1.450790
0.858823	1.439325
0.864705	1.637087
0.870588	1.444739
0.876470	1.538047
0.882352	1.494100
0.888235	1.555562
0.894117	1.476266
0.900000	1.573077
0.905882	1.715428
0.911764	1.477859
0.917647	1.661608
0.923529	1.389965
0.929411	1.547601
0.935294	1.522761
0.941176	1.566071
0.947058	1.606834
0.952941	1.532952
0.958823	1.594095
0.964705	1.361303
0.970588	1.455885
0.976470	1.626260
0.982352	1.619572
0.988235	1.557473
0.994117	1.276912
0.999999	1.477540
1.005882	1.523716
1.011764	1.567982
1.017647	1.400155
1.023529	1.420218
1.029411	1.472126
1.035294	1.572759
1.041176	1.532315
1.047058	1.406524
1.052941	1.702689
1.058823	1.437733
1.064705	1.519895
1.070588	1.429772
1.076470	1.545053
1.082352	1.562250
1.088235	1.407798
1.094117	1.646004
1.099999	1.490915
1.105882	1.468623
1.111764	1.533589
1.117646	1.389965
1.123529	1.558110
1.129411	1.510660
1.135294	1.459070
1.141176	1.572759
1.147058	1.573714
1.152941	1.634221
1.158823	1.632310
1.164705	1.425632
1.170588	1.517666
1.176470	1.511615
1.182352	1.558110
1.188235	1.554288
1.194117	1.442191
1.199999	1.431682
1.205882	1.524990
1.211764	1.504291
1.217646	1.419581
1.223529	1.384232
1.229411	1.396971
1.235294	1.463847
1.241176	1.577854
1.247058	1.500151
1.252941	1.594414
1.258823	1.588045
1.264705	1.522124
1.270588	1.528493
1.276470	1.546327
1.282352	1.682626
1.288235	1.626260
1.294117	1.583905
1.299999	1.681671
1.305882	1.503972
1.311764	1.631355
1.317646	1.524672
1.323529	1.640272
1.329411	1.601101
1.335293	1.474674
1.341176	1.529130
1.347058	1.500151
1.352940	1.590911
1.358823	1.617980
1.364705	1.390601
1.370588	1.466713
1.376470	1.443465
1.382352	1.613840
1.388235	1.582313
1.394117	1.491871
1.399999	1.482317
1.405882	1.404614
1.411764	1.516392
1.417646	1.519895
1.423529	1.474356
1.429411	1.427542
1.435293	1.646959
1.441176	1.587408
1.447058	1.583268
1.452940	1.379137
1.458823	1.553970
1.464705	1.562887
1.470587	1.571485
1.476470	1.635176
1.482352	1.479451
1.488235	1.643775
1.494117	1.560657
1.499999	1.592822
1.505882	1.641227
1.511764	1.494100
1.517646	1.645367
1.523529	1.560657
1.529411	1.316401
1.535293	1.654602
1.541176	1.496011
1.547058	1.560021
1.552940	1.416396
1.558823	1.365125
1.564705	1.580083
1.570587	1.498558
1.576470	1.578491
1.582352	1.471171
1.588234	1.397607
1.594117	1.598554
1.599999	1.544416
1.605882	1.639953
1.611764	1.473719
1.617646	1.372131
1.623529	1.703326
1.629411	1.539958
1.635293	1.549511
1.641176	1.662564
1.647058	1.518621
1.652940	1.513844
1.658823	1.578810
1.664705	1.616706
1.670587	1.407161
1.676470	1.647915
1.682352	1.699186
1.688234	1.495692
1.694117	1.599191
1.699999	1.641227
1.705881	1.643138
1.711764	1.430727
1.717646	1.380092
1.723529	1.685493
1.729411	1.467986
1.735293	1.388691
1.741176	1.485502
1.747058	1.350794
1.752940	1.477859
1.758823	1.375952
1.764705	1.467031
1.770587	1.460025
1.776470	1.589319
1.782352	1.573714
1.788234	1.613203
1.794117	1.550785
1.799999	1.544098
1.805881	1.600146
1.811764	1.534862
1.817646	1.535499
1.823528	1.652692
1.829411	1.653328
1.835293	1.552696
1.841176	1.564797
1.847058	1.430409
1.852940	1.619254
1.858823	1.489642
1.864705	1.647596
1.870587	1.514800
1.876470	1.605560
1.882352	1.596006
1.888234	1.389646
1.894117	1.366399
1.899999	1.458114
1.905881	1.424039
1.911764	1.372768
1.917646	1.411620
1.923528	1.464165
1.929411	1.438688
1.935293	1.596962
1.941175	1.553651
1.947058	1.439644
1.952940	1.448561
1.958823	1.486457
1.964705	1.564479
1.970587	1.597917
1.976470	1.551741
1.982352	1.637087
1.988234	1.480088
1.994117	1.216087
1.999999	1.572440
2.005881	1.481680
2.011764	1.542824
2.017646	1.509067
2.023528	1.375952
2.029411	1.663838
2.035293	1.522443
2.041175	1.542187
2.047058	1.529767
2.052940	1.429453
2.058822	1.633584
2.064705	1.439644
2.070587	1.550467
2.076470	1.577854
2.082352	1.495055
2.088234	1.638679
2.094117	1.566708
2.099999	1.444739
2.105881	1.589956
2.111764	1.295383
2.117646	1.513207
2.123528	1.539002
2.129411	1.629444
2.135293	1.389328
2.141175	1.450153
2.147058	1.565116
2.152940	1.669251
2.158822	1.619572
2.164705	1.513526
2.170587	1.499832
2.176470	1.602694
2.182352	1.579446
2.188234	1.563205
2.194117	1.431364
2.199999	1.524990
2.205881	1.605241
2.211764	1.480406
2.217646	1.606834
2.223528	1.543779
2.229411	1.497285
2.235293	1.562887
2.241175	1.479132
2.247058	1.406843
2.252940	1.551104
2.258822	1.518621
2.264705	1.412575
2.270587	1.339648
2.276469	1.443147
2.282352	1.482635
2.288234	1.520850
2.294116	1.450153
2.299999	1.527538
2.305881	1.496329
2.311764	1.470853
2.317646	1.617980
2.323528	1.412256
2.329411	1.558428
2.335293	1.467986
2.341175	1.666067
2.347058	1.556518
2.352940	1.628170
2.358822	1.485183
2.364705	1.483272
2.370587	1.591229
2.376469	1.644730
2.382352	1.573714
2.388234	1.671799
2.394116	1.467031
2.399999	1.588363
2.405881	1.597917
2.411763	1.489960
2.417646	1.453656
2.423528	1.498558
2.429411	1.435185
2.435293	1.634539
2.441175	1.533907
2.447058	1.479132
2.452940	1.368309
2.458822	1.500469
2.464705	1.359393
2.470587	1.374360
2.476469	1.521487
2.482352	1.666067
2.488234	1.678805
2.494116	1.570530
2.499999	1.587089
2.505881	1.495055
2.511763	1.585497
2.517646	1.467031
2.523528	1.539639
2.529411	1.422447
2.535293	1.560339
2.541175	1.422447
2.547058	1.611929
2.552940	1.408117
2.558822	1.303663
2.564705	1.496329
2.570587	1.580720
2.576469	1.455885
2.582352	1.474037
2.588234	1.634858
2.594116	1.475948
2.599999	1.503017
2.605881	1.538047
2.611763	1.360348
2.617646	1.469260
2.623528	1.553651
2.629410	1.572759
2.635293	1.607789
2.641175	1.626897
2.647057	1.621801
2.652940	1.606515
2.658822	1.406524
2.664705	1.527219
2.670587	1.371494
2.676469	1.590592
2.682352	1.267359
2.688234	1.555562
2.694116	1.473400
2.699999	1.636132
2.705881	1.605878
2.711763	1.542505
2.717646	1.428498
2.723528	1.543142
2.729410	1.404295
2.735293	1.509067
2.741175	1.444739
2.747057	1.416715
2.752940	1.305573
2.758822	1.562568
2.764704	1.493463
2.770587	1.436141
2.776469	1.476903
2.782352	1.473400
2.788234	1.632947
2.794116	1.546964
2.799999	1.410664
2.805881	1.424358
2.811763	1.458433
2.817646	1.587408
2.823528	1.449516
2.829410	1.428498
2.835293	1.583268
2.841175	1.522443
2.847057	1.580083
2.852940	1.702689
2.858822	1.526901
2.864704	1.528812
2.870587	1.490597
2.876469	1.557154
2.882351	1.640272
2.888234	1.445376
2.894116	1.488049
2.899999	1.434867
2.905881	1.543142
2.911763	1.467031
2.917646	1.480725
2.923528	1.596962
2.929410	1.508749
2.935293	1.284874
2.941175	1.453019
2.947057	1.492508
2.952940	1.463210
2.958822	1.733898
2.964704	1.645685
2.970587	1.293472
2.976469	1.577536
2.982351	1.443784
2.988234	1.577536
2.994116	1.500469
2.999998	1.394423
3.005881	1.598554
3.011763	1.603968
3.017646	1.626897
3.023528	1.517984
3.029410	1.551422
3.035293	1.634858
3.041175	1.480725
3.047057	1.527856
3.052940	1.534226
3.058822	1.619572
3.064704	1.450153
3.070587	1.371494
3.076469	1.424676
3.082351	1.607471
3.088234	1.433275
3.094116	1.609700
3.099998	1.497921
3.105881	1.413849
3.111763	1.673073
3.117646	1.656195
3.123528	1.624667
3.129410	1.605241
3.135293	1.443784
3.141175	1.586134
3.147057	1.468305
3.152940	1.510660
3.158822	1.479451
3.164704	1.409709
3.170587	1.471171
3.176469	1.560976
3.182351	1.568937
3.188234	1.433275
3.194116	1.528812
3.199998	1.566071
3.205881	1.517029
3.211763	1.375315
3.217645	1.378182
3.223528	1.502698
3.229410	1.371812
3.235292	1.530722
3.241175	1.582313
3.247057	1.562887
3.252940	1.612247
3.258822	1.431364
3.264704	1.548875
3.270587	1.431045
3.276469	1.443147
3.282351	1.560657
3.288234	1.611292
3.294116	1.692817
3.299998	1.436141
3.305881	1.649825
3.311763	1.471808
3.317645	1.429772
3.323528	1.586771
3.329410	1.277231
3.335292	1.655558
3.341175	1.449516
3.347057	1.542824
3.352939	1.325955
3.358822	1.522443
3.364704	1.596006
3.370587	1.648552
3.376469	1.455248
3.382351	1.429772
3.388234	1.293472
3.394116	1.426269
3.399998	1.609381
3.405881	1.604286
3.411763	1.518940
3.417645	1.571803
3.423528	1.605878
3.429410	1.508431
3.435292	1.456204
3.441175	1.507157
3.447057	1.555244
3.452939	1.466713
3.458822	1.539002
3.464704	1.460025
3.470587	1.507475
3.476469	1.557473
3.482351	1.559065
3.488234	1.492189
3.494116	1.572122
3.499998	1.481999
3.505881	1.651736
3.511763	1.690269
3.517645	1.615114
3.523528	1.624667
3.529410	1.519258
3.535292	1.631673
3.541175	1.551422
3.547057	1.383595
3.552939	1.688677
3.558822	1.510978
3.564704	1.602375
3.570586	1.345381
3.576469	1.492826
3.582351	1.464802
3.588233	1.513526
3.594116	1.486139
3.599998	1.289651
3.605881	1.523398
3.611763	1.401111
3.617645	1.672117
3.623528	1.487094
3.629410	1.625623
3.635292	1.597280
3.641175	1.692180
3.647057	1.658742
3.652939	1.451427
3.658822	1.451745
3.664704	1.511297
3.670586	1.369265
3.676469	1.530404
3.682351	1.628489
3.688233	1.637087
3.694116	1.526901
3.699998	1.423402
3.705880	1.679442
3.711763	1.601101
3.717645	1.594095
3.723528	1.533907
3.729410	1.574670
3.735292	1.538047
3.741175	1.458114
3.747057	1.680397
3.752939	1.563205
3.758822	1.373086
3.764704	1.645367
3.770586	1.465439
3.776469	1.377863
3.782351	1.460025
3.788233	1.465120
3.794116	1.643775
3.799998	1.631673
3.805880	1.487731
3.811763	1.654921
3.817645	1.536136
3.823527	1.640272
3.829410	1.546327
3.835292	1.437733
3.841175	1.630718
3.847057	1.471171
3.852939	1.595688
3.858822	1.657787
3.864704	1.421173
3.870586	1.380092
3.876469	1.455885
3.882351	1.460344
3.888233	1.630718
3.894116	1.497285
3.899998	1.637724
3.905880	1.514481
3.911763	1.475948
3.917645	1.361940
3.923527	1.284555
3.929410	1.426587
3.935292	1.347928
3.941174	1.610655
3.947057	1.440918
3.952939	1.569574
3.958822	1.505883
3.964704	1.612884
3.970586	1.620846
3.976469	1.464802
3.982351	1.528175
3.988233	1.546008
3.994116	1.529130
3.999998	1.453656
4.005880	1.586771
4.011763	1.529767
4.017645	1.669888
4.023527	1.483272
4.029410	1.480725
4.035292	1.679760
4.041174	1.558747
4.047057	1.408435
4.052939	1.650144
4.058821	1.483272
4.064704	1.571167
4.070586	1.681353
4.076469	1.560657
4.082351	1.613521
4.088233	1.465120
4.094116	1.424676
4.099998	1.588363
4.105880	1.600783
4.111763	1.515118
4.117645	1.572440
4.123527	1.587089
4.129410	1.600783
4.135292	1.477222
4.141174	1.581676
4.147057	1.541550
4.152939	1.589637
4.158821	1.537729
4.164704	1.643775
4.170586	1.647915
4.176468	1.412575
4.182351	1.509386
4.188233	1.472126
4.194116	1.402066
4.199998	1.704918
4.205880	1.572440
4.211763	1.627852
4.217645	1.509067
4.223527	1.553333
4.229410	1.528812
4.235292	1.619572
4.241174	1.625941
4.247057	1.552059
4.252939	1.613840
4.258821	1.330413
4.264704	1.513844
4.270586	1.588045
4.276468	1.568619
4.282351	1.467350
4.288233	1.596962
4.294116	1.464165
4.299998	1.685174
4.305880	1.668614
4.311763	1.630400
4.317645	1.679442
4.323527	1.588363
4.329410	1.487094
4.335292	1.632629
4.341174	1.525309
4.347057	1.608426
4.352939	1.525309
4.358821	1.614158
4.364704	1.584223
4.370586	1.637724
4.376468	1.544416
4.382351	1.501424
4.388233	1.541550
4.394115	1.529767
4.399998	1.431364
4.405880	1.456840
4.411763	1.597598
4.417645	1.386143
4.423527	1.417033
4.429410	1.396334
4.435292	1.548875
4.441174	1.446331
4.447057	1.457477
4.452939	1.503972
4.458821	1.485183
4.464704	1.469579
4.470586	1.533589
4.476468	1.513526
4.482351	1.499195
4.488233	1.665748
4.494115	1.511297
4.499998	1.660016
4.505880	1.519895
4.511762	1.381366
4.517645	1.569256
4.523527	1.528493
4.529409	1.610655
4.535292	1.614158
4.541174	1.439962
4.547057	1.588363
4.552939	1.551104
4.558821	1.457796
4.564704	1.612566
4.570586	1.488686
4.576468	1.446968
4.582351	1.517666
4.588233	1.604286
4.594115	1.543142
4.599998	1.482317
4.605880	1.616706
4.611762	1.359393
4.617645	1.322133
4.623527	1.689314
4.629409	1.611292
4.635292	1.417352
4.641174	1.618617
4.647056	1.474674
4.652939	1.618935
4.658821	1.573077
4.664704	1.380092
4.670586	1.563842
4.676468	1.556836
4.682351	1.421173
4.688233	1.600146
4.694115	1.333916
4.699998	1.473719
4.705880	1.557154
4.711762	1.412256
4.717645	1.613521
4.723527	1.402384
4.729409	1.678487
4.735292	1.672436
4.741174	1.516710
4.747056	1.604923
4.752939	1.517666
4.758821	1.586134
4.764703	1.574033
4.770586	1.386461
4.776468	1.575943
4.782351	1.457477
4.788233	1.549193
4.794115	1.645367
4.799998	1.522761
4.805880	1.587089
4.811762	1.471171
4.817645	1.532315
4.823527	1.597598
4.829409	1.633584
4.835292	1.568937
4.841174	1.616706
4.847056	1.564160
4.852939	1.606515
4.858821	1.607152
4.864703	1.510023
4.870586	1.475311
4.876468	1.620209
4.882350	1.565434
4.888233	1.583586
4.894115	1.552059
4.899998	1.503972
4.905880	1.534862
4.911762	1.534226
4.917645	1.527219
4.923527	1.485820
4.929409	1.631673
4.935292	1.554607
4.941174	1.414486
4.947056	1.607471
4.952939	1.528493
4.958821	1.498558
4.964703	1.554925
4.970586	1.420855
4.976468	1.579128
4.982350	1.388372
4.988233	1.681034
4.994115	1.373405

