LabVIEW Measurement	
Writer_Version	2
Reader_Version	2
Separator	Tab
Decimal_Separator	.
Multi_Headings	Yes
X_Columns	One
Time_Pref	Absolute
Operator	labuser
Date	1904/01/01
Time	01:00:00
***End_of_Header***	
	
Channels	1	
Samples	850	
Date	2022/05/23	
Time	18:17:51.8565020499995597831	
Y_Unit_Label	Volts	
X_Dimension	Time	
X0	0.0000000000000000E+0	
Delta_X	0.005882	
***End_of_Header***		
X_Value	Voltage	Comment
0.000000	1.639953
0.005882	1.660334
0.011765	1.660653
0.017647	1.634858
0.023529	1.660016
0.029412	1.646322
0.035294	1.656513
0.041176	1.665111
0.047059	1.651736
0.052941	1.657787
0.058824	1.660334
0.064706	1.652692
0.070588	1.670207
0.076471	1.652055
0.082353	1.661927
0.088235	1.655876
0.094118	1.651099
0.100000	1.668296
0.105882	1.669570
0.111765	1.642501
0.117647	1.660016
0.123529	1.674347
0.129412	1.646004
0.135294	1.678805
0.141176	1.644730
0.147059	1.656831
0.152941	1.653328
0.158823	1.650781
0.164706	1.662245
0.170588	1.651736
0.176471	1.664156
0.182353	1.663201
0.188235	1.654921
0.194118	1.661290
0.200000	1.664474
0.205882	1.651736
0.211765	1.658424
0.217647	1.654921
0.223529	1.641546
0.229412	1.664156
0.235294	1.656195
0.241176	1.647596
0.247059	1.661290
0.252941	1.647278
0.258823	1.649825
0.264706	1.656513
0.270588	1.668614
0.276470	1.673710
0.282353	1.658742
0.288235	1.652692
0.294117	1.650781
0.300000	1.664474
0.305882	1.638043
0.311765	1.654284
0.317647	1.670207
0.323529	1.649189
0.329412	1.677850
0.335294	1.634221
0.341176	1.667341
0.347059	1.664156
0.352941	1.643775
0.358823	1.653965
0.364706	1.652055
0.370588	1.662245
0.376470	1.657150
0.382353	1.656831
0.388235	1.651418
0.394117	1.652692
0.400000	1.662882
0.405882	1.661608
0.411764	1.648870
0.417647	1.671799
0.423529	1.640272
0.429412	1.653328
0.435294	1.656513
0.441176	1.657468
0.447059	1.664156
0.452941	1.651736
0.458823	1.649507
0.464706	1.653647
0.470588	1.659698
0.476470	1.648233
0.482353	1.663838
0.488235	1.663201
0.494117	1.652055
0.500000	1.662564
0.505882	1.659379
0.511764	1.666704
0.517647	1.650144
0.523529	1.652373
0.529411	1.653965
0.535294	1.650462
0.541176	1.660334
0.547059	1.657468
0.552941	1.661290
0.558823	1.652055
0.564706	1.656831
0.570588	1.661927
0.576470	1.649825
0.582353	1.652692
0.588235	1.655558
0.594117	1.658424
0.600000	1.663838
0.605882	1.654602
0.611764	1.660016
0.617647	1.657468
0.623529	1.652055
0.629411	1.655558
0.635294	1.659061
0.641176	1.644412
0.647058	1.677531
0.652941	1.661290
0.658823	1.633584
0.664706	1.654921
0.670588	1.646641
0.676470	1.655558
0.682353	1.659379
0.688235	1.651418
0.694117	1.666067
0.700000	1.647915
0.705882	1.656831
0.711764	1.652373
0.717647	1.647915
0.723529	1.664156
0.729411	1.663838
0.735294	1.666067
0.741176	1.660334
0.747058	1.655239
0.752941	1.659061
0.758823	1.670207
0.764705	1.669570
0.770588	1.660016
0.776470	1.655876
0.782353	1.664793
0.788235	1.655558
0.794117	1.665430
0.800000	1.644412
0.805882	1.644093
0.811764	1.653010
0.817647	1.653328
0.823529	1.659379
0.829411	1.640590
0.835294	1.660971
0.841176	1.653328
0.847058	1.646959
0.852941	1.668933
0.858823	1.654602
0.864705	1.659698
0.870588	1.666704
0.876470	1.632947
0.882352	1.642819
0.888235	1.661927
0.894117	1.667659
0.900000	1.671480
0.905882	1.666704
0.911764	1.657787
0.917647	1.668296
0.923529	1.668933
0.929411	1.630081
0.935294	1.663838
0.941176	1.643456
0.947058	1.653010
0.952941	1.659698
0.958823	1.659379
0.964705	1.635176
0.970588	1.646004
0.976470	1.650462
0.982352	1.662882
0.988235	1.637406
0.994117	1.648552
0.999999	1.655876
1.005882	1.663201
1.011764	1.666704
1.017647	1.656513
1.023529	1.666067
1.029411	1.651736
1.035294	1.664156
1.041176	1.644412
1.047058	1.659061
1.052941	1.672754
1.058823	1.637724
1.064705	1.663201
1.070588	1.642182
1.076470	1.650781
1.082352	1.660016
1.088235	1.654602
1.094117	1.661927
1.099999	1.643456
1.105882	1.655239
1.111764	1.666704
1.117646	1.647915
1.123529	1.662882
1.129411	1.641864
1.135294	1.650144
1.141176	1.660971
1.147058	1.637406
1.152941	1.660016
1.158823	1.651099
1.164705	1.650144
1.170588	1.663519
1.176470	1.647596
1.182352	1.652055
1.188235	1.657787
1.194117	1.656831
1.199999	1.662564
1.205882	1.648870
1.211764	1.659061
1.217646	1.655876
1.223529	1.655239
1.229411	1.666067
1.235294	1.661290
1.241176	1.660334
1.247058	1.671799
1.252941	1.639316
1.258823	1.660653
1.264705	1.653010
1.270588	1.658105
1.276470	1.644730
1.282352	1.658424
1.288235	1.660971
1.294117	1.661927
1.299999	1.655876
1.305882	1.653010
1.311764	1.656195
1.317646	1.659379
1.323529	1.662245
1.329411	1.663519
1.335293	1.654602
1.341176	1.654921
1.347058	1.656195
1.352940	1.653965
1.358823	1.659379
1.364705	1.658105
1.370588	1.657468
1.376470	1.650462
1.382352	1.655558
1.388235	1.668933
1.394117	1.661608
1.399999	1.658424
1.405882	1.658742
1.411764	1.651099
1.417646	1.666385
1.423529	1.650462
1.429411	1.676894
1.435293	1.688677
1.441176	1.628807
1.447058	1.649189
1.452940	1.668614
1.458823	1.642819
1.464705	1.665111
1.470587	1.657468
1.476470	1.660016
1.482352	1.645049
1.488235	1.651418
1.494117	1.664474
1.499999	1.660334
1.505882	1.660653
1.511764	1.659061
1.517646	1.643775
1.523529	1.650781
1.529411	1.662564
1.535293	1.654284
1.541176	1.657468
1.547058	1.666385
1.552940	1.657787
1.558823	1.666385
1.564705	1.653965
1.570587	1.645685
1.576470	1.659379
1.582352	1.650781
1.588234	1.660016
1.594117	1.645049
1.599999	1.654284
1.605882	1.663519
1.611764	1.646641
1.617646	1.670525
1.623529	1.645049
1.629411	1.653965
1.635293	1.658424
1.641176	1.652692
1.647058	1.664156
1.652940	1.653328
1.658823	1.657468
1.664705	1.655558
1.670587	1.659379
1.676470	1.655239
1.682352	1.653010
1.688234	1.668614
1.694117	1.670207
1.699999	1.656513
1.705881	1.661927
1.711764	1.650144
1.717646	1.649507
1.723529	1.669888
1.729411	1.650781
1.735293	1.668933
1.741176	1.652055
1.747058	1.639316
1.752940	1.658742
1.758823	1.659379
1.764705	1.652373
1.770587	1.672436
1.776470	1.640272
1.782352	1.668296
1.788234	1.641227
1.794117	1.654284
1.799999	1.666385
1.805881	1.661927
1.811764	1.662564
1.817646	1.669251
1.823528	1.648552
1.829411	1.670525
1.835293	1.648552
1.841176	1.650462
1.847058	1.664474
1.852940	1.634221
1.858823	1.664474
1.864705	1.649507
1.870587	1.650144
1.876470	1.665111
1.882352	1.641227
1.888234	1.657150
1.894117	1.653647
1.899999	1.654284
1.905881	1.669570
1.911764	1.653010
1.917646	1.671799
1.923528	1.656831
1.929411	1.637406
1.935293	1.661290
1.941175	1.652692
1.947058	1.636769
1.952940	1.667659
1.958823	1.631355
1.964705	1.659061
1.970587	1.641864
1.976470	1.645685
1.982352	1.657150
1.988234	1.652692
1.994117	1.656831
1.999999	1.660334
2.005881	1.652692
2.011764	1.657150
2.017646	1.658742
2.023528	1.660971
2.029411	1.652692
2.035293	1.672117
2.041175	1.661290
2.047058	1.660653
2.052940	1.665748
2.058822	1.661290
2.064705	1.658105
2.070587	1.668296
2.076470	1.644093
2.082352	1.663201
2.088234	1.653965
2.094117	1.658105
2.099999	1.670207
2.105881	1.648233
2.111764	1.660653
2.117646	1.649189
2.123528	1.656831
2.129411	1.648552
2.135293	1.670207
2.141175	1.653010
2.147058	1.652692
2.152940	1.660334
2.158822	1.650462
2.164705	1.658742
2.170587	1.666067
2.176470	1.657150
2.182352	1.655239
2.188234	1.663838
2.194117	1.660971
2.199999	1.653647
2.205881	1.648233
2.211764	1.660334
2.217646	1.651418
2.223528	1.660653
2.229411	1.659379
2.235293	1.643775
2.241175	1.652055
2.247058	1.656195
2.252940	1.660016
2.258822	1.646322
2.264705	1.655558
2.270587	1.668614
2.276469	1.659698
2.282352	1.649189
2.288234	1.667022
2.294116	1.662882
2.299999	1.635813
2.305881	1.656513
2.311764	1.658105
2.317646	1.653965
2.323528	1.665111
2.329411	1.666385
2.335293	1.661290
2.341175	1.667659
2.347058	1.650781
2.352940	1.664793
2.358822	1.659061
2.364705	1.662882
2.370587	1.656195
2.376469	1.649507
2.382352	1.674028
2.388234	1.676257
2.394116	1.648233
2.399999	1.656195
2.405881	1.662882
2.411763	1.651099
2.417646	1.659698
2.423528	1.670844
2.429411	1.636450
2.435293	1.657787
2.441175	1.644093
2.447058	1.653328
2.452940	1.659061
2.458822	1.649189
2.464705	1.660971
2.470587	1.647596
2.476469	1.652373
2.482352	1.651736
2.488234	1.654284
2.494116	1.654921
2.499999	1.646322
2.505881	1.653328
2.511763	1.652373
2.517646	1.646959
2.523528	1.665111
2.529411	1.645049
2.535293	1.658424
2.541175	1.663519
2.547058	1.638679
2.552940	1.655239
2.558822	1.654602
2.564705	1.653010
2.570587	1.658742
2.576469	1.651418
2.582352	1.670525
2.588234	1.633903
2.594116	1.657150
2.599999	1.662245
2.605881	1.639953
2.611763	1.654602
2.617646	1.650781
2.623528	1.647596
2.629410	1.653328
2.635293	1.658105
2.641175	1.658424
2.647057	1.653965
2.652940	1.653328
2.658822	1.669251
2.664705	1.647596
2.670587	1.656831
2.676469	1.656195
2.682352	1.647915
2.688234	1.648233
2.694116	1.657150
2.699999	1.660334
2.705881	1.650462
2.711763	1.656513
2.717646	1.655239
2.723528	1.651736
2.729410	1.657468
2.735293	1.644730
2.741175	1.667022
2.747057	1.649507
2.752940	1.645367
2.758822	1.663838
2.764704	1.649189
2.770587	1.653965
2.776469	1.661608
2.782352	1.643775
2.788234	1.665430
2.794116	1.640590
2.799999	1.658742
2.805881	1.659379
2.811763	1.641227
2.817646	1.664793
2.823528	1.650144
2.829410	1.653010
2.835293	1.656513
2.841175	1.646641
2.847057	1.657468
2.852940	1.649189
2.858822	1.673391
2.864704	1.657150
2.870587	1.631673
2.876469	1.667977
2.882351	1.638679
2.888234	1.642819
2.894116	1.661608
2.899999	1.642501
2.905881	1.664474
2.911763	1.647278
2.917646	1.635495
2.923528	1.666385
2.929410	1.636450
2.935293	1.664156
2.941175	1.661290
2.947057	1.644730
2.952940	1.673073
2.958822	1.639953
2.964704	1.656831
2.970587	1.650781
2.976469	1.646641
2.982351	1.654602
2.988234	1.647278
2.994116	1.662245
2.999998	1.651099
3.005881	1.648233
3.011763	1.659379
3.017646	1.638998
3.023528	1.659698
3.029410	1.656831
3.035293	1.642819
3.041175	1.662245
3.047057	1.635495
3.052940	1.645685
3.058822	1.650144
3.064704	1.651418
3.070587	1.663201
3.076469	1.651099
3.082351	1.650462
3.088234	1.662245
3.094116	1.650462
3.099998	1.659698
3.105881	1.644730
3.111763	1.662564
3.117646	1.652692
3.123528	1.633584
3.129410	1.662564
3.135293	1.647278
3.141175	1.659698
3.147057	1.659379
3.152940	1.638998
3.158822	1.659061
3.164704	1.643775
3.170587	1.657150
3.176469	1.669570
3.182351	1.632310
3.188234	1.653647
3.194116	1.647596
3.199998	1.634858
3.205881	1.661290
3.211763	1.650781
3.217645	1.658742
3.223528	1.652373
3.229410	1.649189
3.235292	1.660334
3.241175	1.643456
3.247057	1.659698
3.252940	1.650462
3.258822	1.636450
3.264704	1.657150
3.270587	1.649189
3.276469	1.650144
3.282351	1.660016
3.288234	1.645685
3.294116	1.670844
3.299998	1.659379
3.305881	1.689633
3.311763	1.646959
3.317645	1.652055
3.323528	1.657150
3.329410	1.653328
3.335292	1.663519
3.341175	1.659698
3.347057	1.661608
3.352939	1.660653
3.358822	1.654921
3.364704	1.667341
3.370587	1.650781
3.376469	1.664474
3.382351	1.652692
3.388234	1.663519
3.394116	1.648870
3.399998	1.665430
3.405881	1.665748
3.411763	1.671480
3.417645	1.657150
3.423528	1.655876
3.429410	1.661608
3.435292	1.663838
3.441175	1.651736
3.447057	1.672436
3.452939	1.655876
3.458822	1.667977
3.464704	1.646004
3.470587	1.658105
3.476469	1.656513
3.482351	1.650144
3.488234	1.667341
3.494116	1.642819
3.499998	1.653965
3.505881	1.657150
3.511763	1.655558
3.517645	1.659698
3.523528	1.655558
3.529410	1.648552
3.535292	1.668296
3.541175	1.628170
3.547057	1.653965
3.552939	1.657787
3.558822	1.645685
3.564704	1.665111
3.570586	1.654921
3.576469	1.657468
3.582351	1.654602
3.588233	1.644412
3.594116	1.661927
3.599998	1.662245
3.605881	1.652373
3.611763	1.678805
3.617645	1.651418
3.623528	1.656513
3.629410	1.653010
3.635292	1.670844
3.641175	1.648233
3.647057	1.649189
3.652939	1.670844
3.658822	1.654602
3.664704	1.662564
3.670586	1.658424
3.676469	1.650781
3.682351	1.654921
3.688233	1.653010
3.694116	1.651736
3.699998	1.665748
3.705880	1.655558
3.711763	1.654602
3.717645	1.657787
3.723528	1.648552
3.729410	1.687722
3.735292	1.638361
3.741175	1.659379
3.747057	1.654921
3.752939	1.646959
3.758822	1.657150
3.764704	1.641864
3.770586	1.649507
3.776469	1.662564
3.782351	1.648233
3.788233	1.654284
3.794116	1.649825
3.799998	1.659379
3.805880	1.661927
3.811763	1.647915
3.817645	1.667341
3.823527	1.648552
3.829410	1.659379
3.835292	1.661608
3.841175	1.649189
3.847057	1.657468
3.852939	1.653965
3.858822	1.650781
3.864704	1.663838
3.870586	1.648233
3.876469	1.652055
3.882351	1.646959
3.888233	1.661290
3.894116	1.646959
3.899998	1.649825
3.905880	1.655239
3.911763	1.628489
3.917645	1.655239
3.923527	1.650144
3.929410	1.664156
3.935292	1.653010
3.941174	1.635813
3.947057	1.657150
3.952939	1.638361
3.958822	1.651736
3.964704	1.662245
3.970586	1.646641
3.976469	1.667022
3.982351	1.651736
3.988233	1.641864
3.994116	1.658742
3.999998	1.632947
4.005880	1.658742
4.011763	1.650144
4.017645	1.647915
4.023527	1.666704
4.029410	1.644730
4.035292	1.659061
4.041174	1.653010
4.047057	1.653647
4.052939	1.659379
4.058821	1.664474
4.064704	1.664156
4.070586	1.661927
4.076469	1.652692
4.082351	1.665430
4.088233	1.672117
4.094116	1.655239
4.099998	1.664793
4.105880	1.658424
4.111763	1.664156
4.117645	1.653965
4.123527	1.655876
4.129410	1.670525
4.135292	1.654602
4.141174	1.663201
4.147057	1.662564
4.152939	1.658105
4.158821	1.649189
4.164704	1.666385
4.170586	1.670525
4.176468	1.648870
4.182351	1.671799
4.188233	1.648552
4.194116	1.649189
4.199998	1.657150
4.205880	1.645049
4.211763	1.671799
4.217645	1.662882
4.223527	1.645685
4.229410	1.650781
4.235292	1.653328
4.241174	1.655239
4.247057	1.657787
4.252939	1.662882
4.258821	1.661290
4.264704	1.660016
4.270586	1.664793
4.276468	1.649189
4.282351	1.654284
4.288233	1.650462
4.294116	1.659698
4.299998	1.660334
4.305880	1.677531
4.311763	1.635495
4.317645	1.665111
4.323527	1.654284
4.329410	1.650781
4.335292	1.666704
4.341174	1.646322
4.347057	1.671162
4.352939	1.656513
4.358821	1.645367
4.364704	1.657787
4.370586	1.665748
4.376468	1.656195
4.382351	1.656513
4.388233	1.653647
4.394115	1.660334
4.399998	1.655239
4.405880	1.653010
4.411763	1.660016
4.417645	1.658105
4.423527	1.655876
4.429410	1.648870
4.435292	1.665111
4.441174	1.653647
4.447057	1.662564
4.452939	1.656195
4.458821	1.672117
4.464704	1.654921
4.470586	1.660334
4.476468	1.662564
4.482351	1.661608
4.488233	1.672117
4.494115	1.668614
4.499998	1.650144
4.505880	1.662882
4.511762	1.643138
4.517645	1.651736
4.523527	1.665111
4.529409	1.654602
4.535292	1.657468
4.541174	1.675302
4.547057	1.647596
4.552939	1.663519
4.558821	1.657787
4.564704	1.653010
4.570586	1.659379
4.576468	1.649189
4.582351	1.666385
4.588233	1.658424
4.594115	1.657468
4.599998	1.650144
4.605880	1.654284
4.611762	1.669888
4.617645	1.645685
4.623527	1.659698
4.629409	1.661608
4.635292	1.647596
4.641174	1.665111
4.647056	1.646004
4.652939	1.653965
4.658821	1.659379
4.664704	1.643456
4.670586	1.657150
4.676468	1.647278
4.682351	1.652055
4.688233	1.667022
4.694115	1.651418
4.699998	1.655558
4.705880	1.649189
4.711762	1.657150
4.717645	1.655558
4.723527	1.643456
4.729409	1.662882
4.735292	1.638361
4.741174	1.659698
4.747056	1.642501
4.752939	1.658424
4.758821	1.648233
4.764703	1.645049
4.770586	1.660653
4.776468	1.650781
4.782351	1.668296
4.788233	1.647278
4.794115	1.638998
4.799998	1.662245
4.805880	1.644093
4.811762	1.671480
4.817645	1.643775
4.823527	1.647596
4.829409	1.650781
4.835292	1.643456
4.841174	1.662564
4.847056	1.652055
4.852939	1.645049
4.858821	1.667977
4.864703	1.658105
4.870586	1.655239
4.876468	1.667341
4.882350	1.656513
4.888233	1.653010
4.894115	1.669888
4.899998	1.650781
4.905880	1.683900
4.911762	1.626897
4.917645	1.648870
4.923527	1.669570
4.929409	1.640272
4.935292	1.655239
4.941174	1.669251
4.947056	1.651418
4.952939	1.666067
4.958821	1.654602
4.964703	1.656831
4.970586	1.666067
4.976468	1.655558
4.982350	1.655239
4.988233	1.646959
4.994115	1.646959

