0.000000	1.626260
0.005882	1.557473
0.011765	1.609700
0.017647	1.564160
0.023529	1.621164
0.029412	1.549830
0.035294	1.638679
0.041176	1.552696
0.047059	1.618298
0.052941	1.571803
0.058824	1.606197
0.064706	1.591229
0.070588	1.580402
0.076471	1.588363
0.082353	1.559065
0.088235	1.605878
0.094118	1.566071
0.100000	1.594414
0.105882	1.525627
0.111765	1.617980
0.117647	1.555562
0.123529	1.631673
0.129412	1.566071
0.135294	1.642182
0.141176	1.571167
0.147059	1.614795
0.152941	1.594095
0.158823	1.588682
0.164706	1.595051
0.170588	1.586452
0.176471	1.596962
0.182353	1.562887
0.188235	1.599828
0.194118	1.521487
0.200000	1.597280
0.205882	1.558747
0.211765	1.630081
0.217647	1.555881
0.223529	1.636450
0.229412	1.606197
0.235294	1.615114
0.241176	1.573396
0.247059	1.608426
0.252941	1.567982
0.258823	1.601738
0.264706	1.571803
0.270588	1.578173
0.276470	1.587408
0.282353	1.560021
0.288235	1.635495
0.294117	1.563205
0.300000	1.616387
0.305882	1.547919
0.311765	1.571485
0.317647	1.537729
0.323529	1.631673
0.329412	1.543779
0.335294	1.632310
0.341176	1.547919
0.347059	1.645685
0.352941	1.564160
0.358823	1.607152
0.364706	1.565753
0.370588	1.611611
0.376470	1.596643
0.382353	1.585497
0.388235	1.595369
0.394117	1.586771
0.400000	1.606834
0.405882	1.572759
0.411764	1.620527
0.417647	1.565116
0.423529	1.601738
0.429412	1.545372
0.435294	1.626578
0.441176	1.561613
0.447059	1.653328
0.452941	1.574033
0.458823	1.653328
0.464706	1.541868
0.470588	1.634858
0.476470	1.573396
0.482353	1.617343
0.488235	1.584860
0.494117	1.593140
0.500000	1.588682
0.505882	1.585497
0.511764	1.597280
0.517647	1.576899
0.523529	1.592503
0.529411	1.569574
0.535294	1.626578
0.541176	1.527219
0.547059	1.629126
0.552941	1.532315
0.558823	1.640909
0.564706	1.534544
0.570588	1.641227
0.576470	1.566071
0.582353	1.628170
0.588235	1.573396
0.594117	1.585497
0.600000	1.595051
0.605882	1.581357
0.611764	1.613521
0.617647	1.549511
0.623529	1.631036
0.629411	1.574351
0.635294	1.617980
0.641176	1.569574
0.647058	1.597917
0.652941	1.568937
0.658823	1.634221
0.664706	1.559065
0.670588	1.644412
0.676470	1.591866
0.682353	1.601738
0.688235	1.595051
0.694117	1.571803
0.700000	1.626578
0.705882	1.566390
0.711764	1.578810
0.717647	1.535818
0.723529	1.640590
0.729411	1.545690
0.735294	1.641864
0.741176	1.541868
0.747058	1.655239
0.752941	1.573077
0.758823	1.632629
0.764705	1.539002
0.770588	1.608426
0.776470	1.589956
0.782353	1.585816
0.788235	1.618617
0.794117	1.569256
0.800000	1.602057
0.805882	1.561294
0.811764	1.622757
0.817647	1.531041
0.823529	1.623075
0.829411	1.546327
0.835294	1.637724
0.841176	1.556836
0.847058	1.603012
0.852941	1.586452
0.858823	1.596006
0.864705	1.583586
0.870588	1.567664
0.876470	1.595369
0.882352	1.570211
0.888235	1.613521
0.894117	1.560657
0.900000	1.626578
0.905882	1.557473
0.911764	1.635176
0.917647	1.539002
0.923529	1.679442
0.929411	1.575625
0.935294	1.621801
0.941176	1.581994
0.947058	1.596962
0.952941	1.576899
0.958823	1.586452
0.964705	1.607789
0.970588	1.578810
0.976470	1.612247
0.982352	1.554925
0.988235	1.624030
0.994117	1.517029
0.999999	1.621483
1.005882	1.558747
1.011764	1.620846
1.017647	1.543461
1.023529	1.649825
1.029411	1.572759
1.035294	1.606197
1.041176	1.570848
1.047058	1.592185
1.052941	1.585179
1.058823	1.586452
1.064705	1.594095
1.070588	1.548875
1.076470	1.607152
1.082352	1.555244
1.088235	1.648552
1.094117	1.541868
1.099999	1.630400
1.105882	1.558747
1.111764	1.630081
1.117646	1.570530
1.123529	1.613840
1.129411	1.567664
1.135294	1.602375
1.141176	1.610337
1.147058	1.580083
1.152941	1.564479
1.158823	1.572759
1.164705	1.601738
1.170588	1.581676
1.176470	1.572440
1.182352	1.556199
1.188235	1.609381
1.194117	1.559384
1.199999	1.606197
1.205882	1.577854
1.211764	1.620209
1.217646	1.557154
1.223529	1.611292
1.229411	1.590911
1.235294	1.588045
1.241176	1.578810
1.247058	1.601101
1.252941	1.581039
1.258823	1.578810
1.264705	1.578491
1.270588	1.481680
1.276470	1.646322
1.282352	1.558110
1.288235	1.637406
1.294117	1.528175
1.299999	1.607152
1.305882	1.558747
1.311764	1.606515
1.317646	1.581676
1.323529	1.596962
1.329411	1.594414
1.335293	1.571485
1.341176	1.574033
1.347058	1.571167
1.352940	1.617343
1.358823	1.547919
1.364705	1.632629
1.370588	1.569256
1.376470	1.635813
1.382352	1.573077
1.388235	1.631992
1.394117	1.588363
1.399999	1.617980
1.405882	1.603331
1.411764	1.587408
1.417646	1.577854
1.423529	1.538365
1.429411	1.580402
1.435293	1.563524
1.441176	1.606834
1.447058	1.558428
1.452940	1.603968
1.458823	1.549511
1.464705	1.626897
1.470587	1.553970
1.476470	1.643456
1.482352	1.567982
1.488235	1.621801
1.494117	1.569574
1.499999	1.601738
1.505882	1.589637
1.511764	1.591866
1.517646	1.578810
1.523529	1.567664
1.529411	1.597917
1.535293	1.574988
1.541176	1.555881
1.547058	1.570848
1.552940	1.573396
1.558823	1.553333
1.564705	1.623712
1.570587	1.583905
1.576470	1.624349
1.582352	1.580083
1.588234	1.602375
1.594117	1.595051
1.599999	1.578491
1.605882	1.567982
1.611764	1.572122
1.617646	1.599191
1.623529	1.518303
1.629411	1.644093
1.635293	1.535818
1.641176	1.644412
1.647058	1.560976
1.652940	1.638679
1.658823	1.573714
1.664705	1.622757
1.670587	1.565434
1.676470	1.583905
1.682352	1.573396
1.688234	1.573714
1.694117	1.599509
1.699999	1.557791
1.705881	1.628489
1.711764	1.561931
1.717646	1.631992
1.723529	1.547601
1.729411	1.655876
1.735293	1.546327
1.741176	1.624986
1.747058	1.544416
1.752940	1.617024
1.758823	1.579128
1.764705	1.603649
1.770587	1.572122
1.776470	1.560976
1.782352	1.591229
1.788234	1.555562
1.794117	1.586134
1.799999	1.559065
1.805881	1.594732
1.811764	1.536773
1.817646	1.609700
1.823528	1.563842
1.829411	1.603968
1.835293	1.565434
1.841176	1.604605
1.847058	1.580083
1.852940	1.587726
1.858823	1.603968
1.864705	1.570211
1.870587	1.602057
1.876470	1.542505
1.882352	1.609381
1.888234	1.532952
1.894117	1.635495
1.899999	1.534226
1.905881	1.650781
1.911764	1.561613
1.917646	1.630718
1.923528	1.586134
1.929411	1.594732
1.935293	1.585179
1.941175	1.566071
1.947058	1.600146
1.952940	1.571803
1.958823	1.601738
1.964705	1.522124
1.970587	1.606197
1.976470	1.550785
1.982352	1.649507
1.988234	1.543142
1.994117	1.644730
1.999999	1.576580
2.005881	1.604605
2.011764	1.587726
2.017646	1.589956
2.023528	1.584860
2.029411	1.586452
2.035293	1.609700
2.041175	1.555881
2.047058	1.638043
2.052940	1.554288
2.058822	1.546327
2.064705	1.504609
2.070587	1.614795
2.076470	1.549193
2.082352	1.654602
2.088234	1.552059
2.094117	1.635495
2.099999	1.573714
2.105881	1.609700
2.111764	1.569256
2.117646	1.576580
2.123528	1.590911
2.129411	1.579128
2.135293	1.606515
2.141175	1.544098
2.147058	1.614795
2.152940	1.529449
2.158822	1.614477
2.164705	1.570211
2.170587	1.646322
2.176470	1.559065
2.182352	1.638043
2.188234	1.569256
2.194117	1.603012
2.199999	1.585816
2.205881	1.622757
2.211764	1.583268
2.217646	1.589000
2.223528	1.579446
2.229411	1.568937
2.235293	1.605560
2.241175	1.562887
2.247058	1.599191
2.252940	1.558747
2.258822	1.609700
2.264705	1.535499
2.270587	1.627852
2.276469	1.532315
2.282352	1.666385
2.288234	1.546645
2.294116	1.606515
2.299999	1.578810
2.305881	1.590274
2.311764	1.591229
2.317646	1.593459
2.323528	1.576580
2.329411	1.575306
2.335293	1.614158
2.341175	1.562887
2.347058	1.575625
2.352940	1.559065
2.358822	1.608108
2.364705	1.548875
2.370587	1.636450
2.376469	1.565116
2.382352	1.633266
2.388234	1.576899
2.394116	1.608744
2.399999	1.584223
2.405881	1.586771
2.411763	1.619890
2.417646	1.572440
2.423528	1.591866
2.429411	1.558110
2.435293	1.579128
2.441175	1.543142
2.447058	1.625623
2.452940	1.544416
2.458822	1.642182
2.464705	1.576899
2.470587	1.637087
2.476469	1.593459
2.482352	1.634221
2.488234	1.562887
2.494116	1.590274
2.499999	1.561294
2.505881	1.602057
2.511763	1.599828
2.517646	1.581357
2.523528	1.574351
2.529411	1.572440
2.535293	1.571167
2.541175	1.549193
2.547058	1.564797
2.552940	1.557154
2.558822	1.601101
2.564705	1.555562
2.570587	1.650462
2.576469	1.560021
2.582352	1.622120
2.588234	1.560339
2.594116	1.613521
2.599999	1.589000
2.605881	1.587089
2.611763	1.607471
2.617646	1.577217
2.623528	1.615432
2.629410	1.562250
2.635293	1.596006
2.641175	1.566708
2.647057	1.648870
2.652940	1.570530
2.658822	1.657787
2.664705	1.553333
2.670587	1.638679
2.676469	1.570530
2.682352	1.596006
2.688234	1.549193
2.694116	1.585497
2.699999	1.578810
2.705881	1.581994
2.711763	1.587089
2.717646	1.529449
2.723528	1.610337
2.729410	1.542824
2.735293	1.647596
2.741175	1.556836
2.747057	1.638361
2.752940	1.555244
2.758822	1.607789
2.764704	1.549193
2.770587	1.639635
2.776469	1.583905
2.782352	1.610974
2.788234	1.590274
2.794116	1.591229
2.799999	1.572440
2.805881	1.587726
2.811763	1.597280
2.817646	1.575625
2.823528	1.576262
2.829410	1.564797
2.835293	1.608426
2.841175	1.554607
2.847057	1.670844
2.852940	1.552059
2.858822	1.650781
2.864704	1.564797
2.870587	1.611929
2.876469	1.556199
2.882351	1.631355
2.888234	1.536773
2.894116	1.611929
2.899999	1.520850
2.905881	1.584860
2.911763	1.604923
2.917646	1.552059
2.923528	1.620527
2.929410	1.569893
2.935293	1.576262
2.941175	1.534544
2.947057	1.628807
2.952940	1.520532
2.958822	1.622120
2.964704	1.567027
2.970587	1.640590
2.976469	1.568937
2.982351	1.611611
2.988234	1.579765
2.994116	1.598235
2.999998	1.563524
3.005881	1.580402
3.011763	1.598235
3.017646	1.581039
3.023528	1.584542
3.029410	1.522124
3.035293	1.610655
3.041175	1.536136
3.047057	1.639953
3.052940	1.551422
3.058822	1.627852
3.064704	1.564479
3.070587	1.625304
3.076469	1.558747
3.082351	1.592822
3.088234	1.590911
3.094116	1.601101
3.099998	1.593459
3.105881	1.572440
3.111763	1.604286
3.117646	1.576580
3.123528	1.555244
3.129410	1.560021
3.135293	1.654284
3.141175	1.542187
3.147057	1.649189
3.152940	1.555244
3.158822	1.644730
3.164704	1.546645
3.170587	1.604286
3.176469	1.565116
3.182351	1.599509
3.188234	1.588363
3.194116	1.583586
3.199998	1.598235
3.205881	1.584542
3.211763	1.586452
3.217645	1.502061
3.223528	1.629763
3.229410	1.517666
3.235292	1.620209
3.241175	1.554925
3.247057	1.596643
3.252940	1.564479
3.258822	1.659379
3.264704	1.542824
3.270587	1.636132
3.276469	1.553651
3.282351	1.610974
3.288234	1.581676
3.294116	1.592185
3.299998	1.543142
3.305881	1.584860
3.311763	1.566708
3.317645	1.572759
3.323528	1.608426
3.329410	1.549830
3.335292	1.651418
3.341175	1.560339
3.347057	1.627533
3.352939	1.561294
3.358822	1.629126
3.364704	1.582631
3.370587	1.660016
3.376469	1.562568
3.382351	1.644730
3.388234	1.547282
3.394116	1.619572
3.399998	1.576262
3.405881	1.603968
3.411763	1.584860
3.417645	1.585179
3.423528	1.571803
3.429410	1.569256
3.435292	1.554607
3.441175	1.561294
3.447057	1.610655
3.452939	1.570848
3.458822	1.646641
3.464704	1.546008
3.470587	1.642182
3.476469	1.553014
3.482351	1.645049
3.488234	1.556836
3.494116	1.629763
3.499998	1.568937
3.505881	1.611929
3.511763	1.576580
3.517645	1.581357
3.523528	1.586771
3.529410	1.576899
3.535292	1.575943
3.541175	1.549193
3.547057	1.649825
3.552939	1.536136
3.558822	1.587089
3.564704	1.518940
3.570586	1.641546
3.576469	1.560339
3.582351	1.627215
3.588233	1.563842
3.594116	1.618298
3.599998	1.555562
3.605881	1.598235
3.611763	1.585816
3.617645	1.574988
3.623528	1.617343
3.629410	1.575943
3.635292	1.623712
3.641175	1.525309
3.647057	1.601101
3.652939	1.540913
3.658822	1.627852
3.664704	1.538365
3.670586	1.653010
3.676469	1.564797
3.682351	1.652055
3.688233	1.565753
3.694116	1.606197
3.699998	1.561931
3.705880	1.593777
3.711763	1.582313
3.717645	1.579128
3.723528	1.610655
3.729410	1.574670
3.735292	1.610655
3.741175	1.550148
3.747057	1.609381
3.752939	1.553970
3.758822	1.632629
3.764704	1.553970
3.770586	1.615751
3.776469	1.572440
3.782351	1.632310
3.788233	1.561294
3.794116	1.637406
3.799998	1.564797
3.805880	1.600783
3.811763	1.589637
3.817645	1.603649
3.823527	1.559384
3.829410	1.590592
3.835292	1.554607
3.841175	1.572440
3.847057	1.594095
3.852939	1.569256
3.858822	1.579765
3.864704	1.562250
3.870586	1.597280
3.876469	1.538365
3.882351	1.619254
3.888233	1.541868
3.894116	1.638998
3.899998	1.555244
3.905880	1.634221
3.911763	1.573077
3.917645	1.630081
3.923527	1.557473
3.929410	1.590592
3.935292	1.544098
3.941174	1.582631
3.947057	1.595369
3.952939	1.564479
3.958822	1.609700
3.964704	1.556836
3.970586	1.567982
3.976469	1.524990
3.982351	1.651736
3.988233	1.546645
3.994116	1.616069
3.999998	1.562568
4.005880	1.649507
4.011763	1.567027
4.017645	1.616706
4.023527	1.548875
4.029410	1.595051
4.035292	1.579446
4.041174	1.583905
4.047057	1.600146
4.052939	1.582313
4.058821	1.592822
4.064704	1.556836
4.070586	1.604286
4.076469	1.553651
4.082351	1.620209
4.088233	1.543461
4.094116	1.631036
4.099998	1.560976
4.105880	1.638361
4.111763	1.585816
4.117645	1.615432
4.123527	1.581357
4.129410	1.599191
4.135292	1.570848
4.141174	1.574033
4.147057	1.555881
4.152939	1.569256
4.158821	1.557791
4.164704	1.541550
4.170586	1.587726
4.176468	1.572759
4.182351	1.614477
4.188233	1.553970
4.194116	1.624667
4.199998	1.556518
4.205880	1.611929
4.211763	1.583905
4.217645	1.599828
4.223527	1.591866
4.229410	1.589000
4.235292	1.594414
4.241174	1.567664
4.247057	1.613203
4.252939	1.554288
4.258821	1.579446
4.264704	1.546964
4.270586	1.620846
4.276468	1.542187
4.282351	1.656513
4.288233	1.548556
4.294116	1.634221
4.299998	1.560339
4.305880	1.592185
4.311763	1.575943
4.317645	1.582949
4.323527	1.596962
4.329410	1.575625
4.335292	1.615751
4.341174	1.523398
4.347057	1.664793
4.352939	1.532315
4.358821	1.668933
4.364704	1.537729
4.370586	1.623075
4.376468	1.551104
4.382351	1.608744
4.388233	1.570848
4.394115	1.587726
4.399998	1.593459
4.405880	1.567345
4.411763	1.582631
4.417645	1.504291
4.423527	1.606515
4.429410	1.560657
4.435292	1.627852
4.441174	1.536773
4.447057	1.638679
4.452939	1.585179
4.458821	1.602057
4.464704	1.590911
4.470586	1.593777
4.476468	1.569574
4.482351	1.569256
4.488233	1.601420
4.494115	1.568937
4.499998	1.620846
4.505880	1.563205
4.511762	1.666385
4.517645	1.560657
4.523527	1.620527
4.529409	1.568300
4.535292	1.600783
4.541174	1.546327
4.547057	1.576262
4.552939	1.605241
4.558821	1.565434
4.564704	1.626578
4.570586	1.554288
4.576468	1.583586
4.582351	1.551104
4.588233	1.621483
4.594115	1.577536
4.599998	1.599509
4.605880	1.596643
4.611762	1.569574
4.617645	1.646641
4.623527	1.567982
4.629409	1.622120
4.635292	1.539002
4.641174	1.620527
4.647056	1.548238
4.652939	1.661927
4.658821	1.561613
4.664704	1.614158
4.670586	1.570848
4.676468	1.596643
4.682351	1.586134
4.688233	1.560339
4.694115	1.612566
4.699998	1.534862
4.705880	1.618298
4.711762	1.503017
4.717645	1.629444
4.723527	1.546964
4.729409	1.621164
4.735292	1.570848
4.741174	1.588363
4.747056	1.574033
4.752939	1.573396
4.758821	1.593459
4.764703	1.564479
4.770586	1.596643
4.776468	1.535818
4.782351	1.654284
4.788233	1.563842
4.794115	1.619254
4.799998	1.585497
4.805880	1.583905
4.811762	1.588045
4.817645	1.566390
4.823527	1.586134
4.829409	1.523080
4.835292	1.603968
4.841174	1.539639
4.847056	1.642182
4.852939	1.556518
4.858821	1.596962
4.864703	1.590911
4.870586	1.583586
4.876468	1.608744
4.882350	1.564479
4.888233	1.547601
4.894115	1.527856
4.899998	1.627852
4.905880	1.569893
4.911762	1.627533
4.917645	1.564479
4.923527	1.620527
4.929409	1.596643
4.935292	1.573077
4.941174	1.575625
4.947056	1.562568
4.952939	1.574988
4.958821	1.545690
4.964703	1.609063
4.970586	1.554607
4.976468	1.620527
4.982350	1.563842
4.988233	1.605241
4.994115	1.590274
