LabVIEW Measurement	
Writer_Version	2
Reader_Version	2
Separator	Tab
Decimal_Separator	.
Multi_Headings	Yes
X_Columns	One
Time_Pref	Absolute
Operator	labuser
Date	1904/01/01
Time	01:00:00
***End_of_Header***	
	
Channels	1	
Samples	850	
Date	2022/05/23	
Time	18:23:45.918442049999527711	
Y_Unit_Label	Volts	
X_Dimension	Time	
X0	0.0000000000000000E+0	
Delta_X	0.005882	
***End_of_Header***		
X_Value	Voltage	Comment
0.000000	1.710332
0.005882	1.614477
0.011765	1.651418
0.017647	1.696957
0.023529	1.653328
0.029412	1.633903
0.035294	1.703008
0.041176	1.618935
0.047059	1.653328
0.052941	1.661608
0.058824	1.638998
0.064706	1.689633
0.070588	1.626260
0.076471	1.680079
0.082353	1.690269
0.088235	1.655239
0.094118	1.626260
0.100000	1.658424
0.105882	1.604286
0.111765	1.711925
0.117647	1.641227
0.123529	1.636132
0.129412	1.568300
0.135294	1.578491
0.141176	1.704918
0.147059	1.627533
0.152941	1.674347
0.158823	1.633903
0.164706	1.646322
0.170588	1.700142
0.176471	1.674984
0.182353	1.639953
0.188235	1.688996
0.194118	1.643138
0.200000	1.650462
0.205882	1.529767
0.211765	1.631036
0.217647	1.676576
0.223529	1.631355
0.229412	1.664156
0.235294	1.701097
0.241176	1.688040
0.247059	1.666704
0.252941	1.599191
0.258823	1.574988
0.264706	1.702371
0.270588	1.573714
0.276470	1.661927
0.282353	1.671162
0.288235	1.658742
0.294117	1.683263
0.300000	1.668296
0.305882	1.642182
0.311765	1.653965
0.317647	1.631355
0.323529	1.704282
0.329412	1.610974
0.335294	1.657468
0.341176	1.690269
0.347059	1.654921
0.352941	1.690269
0.358823	1.667341
0.364706	1.628170
0.370588	1.687085
0.376470	1.627852
0.382353	1.674665
0.388235	1.662564
0.394117	1.642501
0.400000	1.687085
0.405882	1.636132
0.411764	1.636132
0.417647	1.631992
0.423529	1.618617
0.429412	1.687722
0.435294	1.653965
0.441176	1.646004
0.447059	1.697594
0.452941	1.511934
0.458823	1.682626
0.464706	1.677850
0.470588	1.669570
0.476470	1.677850
0.482353	1.657150
0.488235	1.645367
0.494117	1.615432
0.500000	1.628807
0.505882	1.658105
0.511764	1.580083
0.517647	1.671799
0.523529	1.677213
0.529411	1.650144
0.535294	1.680079
0.541176	1.675939
0.547059	1.661927
0.552941	1.705237
0.558823	1.666704
0.564706	1.609063
0.570588	1.719249
0.576470	1.542824
0.582353	1.687403
0.588235	1.641227
0.594117	1.689633
0.600000	1.660334
0.605882	1.692180
0.611764	1.656513
0.617647	1.713835
0.623529	1.605878
0.629411	1.685174
0.635294	1.618617
0.641176	1.648870
0.647058	1.707148
0.652941	1.650781
0.658823	1.652373
0.664706	1.586771
0.670588	1.653647
0.676470	1.653328
0.682353	1.646004
0.688235	1.692180
0.694117	1.653328
0.700000	1.674347
0.705882	1.673073
0.711764	1.693772
0.717647	1.669570
0.723529	1.688996
0.729411	1.722752
0.735294	1.611929
0.741176	1.710332
0.747058	1.704918
0.752941	1.610018
0.758823	1.714472
0.764705	1.609063
0.770588	1.653328
0.776470	1.706511
0.782353	1.619890
0.788235	1.679442
0.794117	1.639953
0.800000	1.686130
0.805882	1.549193
0.811764	1.612247
0.817647	1.669570
0.823529	1.692180
0.829411	1.681671
0.835294	1.601738
0.841176	1.667977
0.847058	1.656513
0.852941	1.630400
0.858823	1.621164
0.864705	1.689633
0.870588	1.660653
0.876470	1.658424
0.882352	1.658105
0.888235	1.642182
0.894117	1.655876
0.900000	1.675939
0.905882	1.641227
0.911764	1.681671
0.917647	1.661290
0.923529	1.692817
0.929411	1.697276
0.935294	1.671480
0.941176	1.647596
0.947058	1.651736
0.952941	1.664474
0.958823	1.686130
0.964705	1.670844
0.970588	1.711288
0.976470	1.612884
0.982352	1.673391
0.988235	1.689951
0.994117	1.666067
0.999999	1.700779
1.005882	1.531678
1.011764	1.717657
1.017647	1.673710
1.023529	1.638043
1.029411	1.657468
1.035294	1.663519
1.041176	1.703963
1.047058	1.656831
1.052941	1.663838
1.058823	1.609700
1.064705	1.666067
1.070588	1.682626
1.076470	1.671480
1.082352	1.702371
1.088235	1.684219
1.094117	1.690906
1.099999	1.666704
1.105882	1.686448
1.111764	1.668296
1.117646	1.685174
1.123529	1.694409
1.129411	1.624667
1.135294	1.629126
1.141176	1.674347
1.147058	1.686766
1.152941	1.665430
1.158823	1.624667
1.164705	1.628489
1.170588	1.697594
1.176470	1.666385
1.182352	1.696957
1.188235	1.670207
1.194117	1.696639
1.199999	1.598235
1.205882	1.677213
1.211764	1.635176
1.217646	1.616069
1.223529	1.662245
1.229411	1.645049
1.235294	1.664156
1.241176	1.522124
1.247058	1.581039
1.252941	1.685174
1.258823	1.657468
1.264705	1.689314
1.270588	1.645685
1.276470	1.638361
1.282352	1.696639
1.288235	1.669888
1.294117	1.658105
1.299999	1.658105
1.305882	1.633903
1.311764	1.683582
1.317646	1.680397
1.323529	1.650144
1.329411	1.661927
1.335293	1.649825
1.341176	1.672436
1.347058	1.639953
1.352940	1.664793
1.358823	1.650462
1.364705	1.610974
1.370588	1.674347
1.376470	1.674665
1.382352	1.674665
1.388235	1.637087
1.394117	1.658742
1.399999	1.664156
1.405882	1.649825
1.411764	1.645367
1.417646	1.687085
1.423529	1.629444
1.429411	1.691225
1.435293	1.666385
1.441176	1.662882
1.447058	1.664793
1.452940	1.620846
1.458823	1.636450
1.464705	1.640590
1.470587	1.687085
1.476470	1.677531
1.482352	1.596962
1.488235	1.693772
1.494117	1.594095
1.499999	1.618298
1.505882	1.672436
1.511764	1.654284
1.517646	1.669570
1.523529	1.539958
1.529411	1.669570
1.535293	1.549830
1.541176	1.668296
1.547058	1.651418
1.552940	1.660334
1.558823	1.684856
1.564705	1.661608
1.570587	1.672436
1.576470	1.535818
1.582352	1.617980
1.588234	1.660653
1.594117	1.691862
1.599999	1.664156
1.605882	1.648552
1.611764	1.719249
1.617646	1.611929
1.623529	1.692817
1.629411	1.616387
1.635293	1.643456
1.641176	1.573396
1.647058	1.629126
1.652940	1.667341
1.658823	1.506520
1.664705	1.653965
1.670587	1.682626
1.676470	1.659061
1.682352	1.680716
1.688234	1.566390
1.694117	1.649825
1.699999	1.729121
1.705881	1.488368
1.711764	1.691543
1.717646	1.716064
1.723529	1.644730
1.729411	1.681353
1.735293	1.664156
1.741176	1.685174
1.747058	1.629763
1.752940	1.676257
1.758823	1.697276
1.764705	1.621483
1.770587	1.709377
1.776470	1.499832
1.782352	1.674984
1.788234	1.607789
1.794117	1.627215
1.799999	1.666704
1.805881	1.493463
1.811764	1.657468
1.817646	1.635813
1.823528	1.668614
1.829411	1.621483
1.835293	1.661608
1.841176	1.674665
1.847058	1.639635
1.852940	1.668296
1.858823	1.629444
1.864705	1.685174
1.870587	1.618617
1.876470	1.653965
1.882352	1.601420
1.888234	1.653328
1.894117	1.683263
1.899999	1.690906
1.905881	1.665748
1.911764	1.685493
1.917646	1.682626
1.923528	1.632947
1.929411	1.685493
1.935293	1.555881
1.941175	1.674984
1.947058	1.618935
1.952940	1.665111
1.958823	1.676576
1.964705	1.664156
1.970587	1.691225
1.976470	1.673073
1.982352	1.677531
1.988234	1.637087
1.994117	1.665748
1.999999	1.657468
2.005881	1.661290
2.011764	1.619890
2.017646	1.521169
2.023528	1.617024
2.029411	1.690269
2.035293	1.614158
2.041175	1.640909
2.047058	1.695046
2.052940	1.610018
2.058822	1.630718
2.064705	1.699823
2.070587	1.656195
2.076470	1.679123
2.082352	1.691543
2.088234	1.665748
2.094117	1.658105
2.099999	1.690906
2.105881	1.675302
2.111764	1.664474
2.117646	1.656513
2.123528	1.654602
2.129411	1.707148
2.135293	1.677531
2.141175	1.671480
2.147058	1.677850
2.152940	1.638361
2.158822	1.548556
2.164705	1.453337
2.170587	1.649825
2.176470	1.595051
2.182352	1.656195
2.188234	1.676576
2.194117	1.674347
2.199999	1.597280
2.205881	1.693454
2.211764	1.631036
2.217646	1.682626
2.223528	1.658424
2.229411	1.487094
2.235293	1.685493
2.241175	1.551104
2.247058	1.606197
2.252940	1.671162
2.258822	1.699823
2.264705	1.698868
2.270587	1.634221
2.276469	1.612566
2.282352	1.672117
2.288234	1.698549
2.294116	1.655239
2.299999	1.654921
2.305881	1.680716
2.311764	1.665430
2.317646	1.636450
2.323528	1.590274
2.329411	1.660016
2.335293	1.661927
2.341175	1.614795
2.347058	1.638043
2.352940	1.596006
2.358822	1.669888
2.364705	1.616706
2.370587	1.613521
2.376469	1.666067
2.382352	1.654284
2.388234	1.492826
2.394116	1.620846
2.399999	1.680397
2.405881	1.681990
2.411763	1.688677
2.417646	1.685811
2.423528	1.682626
2.429411	1.604923
2.435293	1.671480
2.441175	1.697912
2.447058	1.562250
2.452940	1.693136
2.458822	1.643775
2.464705	1.667977
2.470587	1.678168
2.476469	1.684219
2.482352	1.671799
2.488234	1.703645
2.494116	1.644730
2.499999	1.648552
2.505881	1.664793
2.511763	1.666704
2.517646	1.558428
2.523528	1.683900
2.529411	1.646004
2.535293	1.680397
2.541175	1.646641
2.547058	1.618617
2.552940	1.668614
2.558822	1.637406
2.564705	1.657150
2.570587	1.701097
2.576469	1.619254
2.582352	1.680079
2.588234	1.674347
2.594116	1.665111
2.599999	1.674347
2.605881	1.666385
2.611763	1.669251
2.617646	1.615432
2.623528	1.690588
2.629410	1.512889
2.635293	1.683263
2.641175	1.662564
2.647057	1.602694
2.652940	1.690588
2.658822	1.670207
2.664705	1.615432
2.670587	1.729440
2.676469	1.660016
2.682352	1.693772
2.688234	1.657468
2.694116	1.652692
2.699999	1.616387
2.705881	1.632629
2.711763	1.687722
2.717646	1.665111
2.723528	1.639635
2.729410	1.703645
2.735293	1.664156
2.741175	1.642182
2.747057	1.724981
2.752940	1.503972
2.758822	1.667659
2.764704	1.614477
2.770587	1.653965
2.776469	1.583905
2.782352	1.668296
2.788234	1.676576
2.794116	1.657150
2.799999	1.662564
2.805881	1.668296
2.811763	1.642182
2.817646	1.684856
2.823528	1.629126
2.829410	1.681990
2.835293	1.664156
2.841175	1.650781
2.847057	1.689633
2.852940	1.632310
2.858822	1.651099
2.864704	1.696002
2.870587	1.662245
2.876469	1.659379
2.882351	1.680716
2.888234	1.698231
2.894116	1.643775
2.899999	1.650144
2.905881	1.691543
2.911763	1.630400
2.917646	1.664156
2.923528	1.681990
2.929410	1.665111
2.935293	1.648552
2.941175	1.589000
2.947057	1.647278
2.952940	1.698231
2.958822	1.657787
2.964704	1.660334
2.970587	1.657787
2.976469	1.657150
2.982351	1.677213
2.988234	1.663838
2.994116	1.684537
2.999998	1.659379
3.005881	1.649825
3.011763	1.604286
3.017646	1.661608
3.023528	1.649825
3.029410	1.671480
3.035293	1.604923
3.041175	1.625623
3.047057	1.685174
3.052940	1.639953
3.058822	1.655558
3.064704	1.641546
3.070587	1.705874
3.076469	1.603968
3.082351	1.578810
3.088234	1.690269
3.094116	1.671799
3.099998	1.693772
3.105881	1.614795
3.111763	1.618935
3.117646	1.681353
3.123528	1.659061
3.129410	1.676894
3.135293	1.681990
3.141175	1.715746
3.147057	1.618935
3.152940	1.646959
3.158822	1.606515
3.164704	1.661290
3.170587	1.683582
3.176469	1.576262
3.182351	1.671162
3.188234	1.663201
3.194116	1.685811
3.199998	1.671799
3.205881	1.674028
3.211763	1.690588
3.217645	1.660334
3.223528	1.660971
3.229410	1.624349
3.235292	1.708422
3.241175	1.645367
3.247057	1.696002
3.252940	1.599509
3.258822	1.616387
3.264704	1.576580
3.270587	1.559384
3.276469	1.670525
3.282351	1.569256
3.288234	1.589956
3.294116	1.685811
3.299998	1.606834
3.305881	1.654284
3.311763	1.635176
3.317645	1.630400
3.323528	1.712561
3.329410	1.655558
3.335292	1.687403
3.341175	1.679123
3.347057	1.642182
3.352939	1.702052
3.358822	1.648552
3.364704	1.566390
3.370587	1.714472
3.376469	1.657150
3.382351	1.707466
3.388234	1.618935
3.394116	1.649189
3.399998	1.700460
3.405881	1.588682
3.411763	1.684219
3.417645	1.650144
3.423528	1.657468
3.429410	1.698868
3.435292	1.589000
3.441175	1.696320
3.447057	1.538365
3.452939	1.629126
3.458822	1.677531
3.464704	1.649825
3.470587	1.654602
3.476469	1.677531
3.482351	1.662564
3.488234	1.697594
3.494116	1.654284
3.499998	1.691225
3.505881	1.587089
3.511763	1.606197
3.517645	1.700142
3.523528	1.619572
3.529410	1.681671
3.535292	1.711288
3.541175	1.652373
3.547057	1.588363
3.552939	1.643138
3.558822	1.683582
3.564704	1.638998
3.570586	1.633903
3.576469	1.680716
3.582351	1.463528
3.588233	1.710014
3.594116	1.696957
3.599998	1.633584
3.605881	1.700779
3.611763	1.505564
3.617645	1.692180
3.623528	1.641227
3.629410	1.648233
3.635292	1.647596
3.641175	1.631673
3.647057	1.675302
3.652939	1.660334
3.658822	1.688677
3.664704	1.669570
3.670586	1.683582
3.676469	1.657787
3.682351	1.688040
3.688233	1.651099
3.694116	1.639316
3.699998	1.696002
3.705880	1.669888
3.711763	1.631355
3.717645	1.726574
3.723528	1.593459
3.729410	1.641227
3.735292	1.704282
3.741175	1.633584
3.747057	1.684219
3.752939	1.575625
3.758822	1.652692
3.764704	1.660334
3.770586	1.669570
3.776469	1.671799
3.782351	1.668614
3.788233	1.694091
3.794116	1.678487
3.799998	1.636769
3.805880	1.713835
3.811763	1.666704
3.817645	1.682308
3.823527	1.691225
3.829410	1.629126
3.835292	1.680079
3.841175	1.648233
3.847057	1.669888
3.852939	1.636132
3.858822	1.637406
3.864704	1.674984
3.870586	1.664793
3.876469	1.638679
3.882351	1.671162
3.888233	1.664793
3.894116	1.674665
3.899998	1.650462
3.905880	1.684219
3.911763	1.690906
3.917645	1.600465
3.923527	1.625623
3.929410	1.580402
3.935292	1.658105
3.941174	1.643775
3.947057	1.676257
3.952939	1.403021
3.958822	1.656831
3.964704	1.694728
3.970586	1.647278
3.976469	1.671480
3.982351	1.678487
3.988233	1.587726
3.994116	1.655239
3.999998	1.666385
4.005880	1.655876
4.011763	1.695683
4.017645	1.478814
4.023527	1.657150
4.029410	1.603649
4.035292	1.654284
4.041174	1.672436
4.047057	1.653328
4.052939	1.642819
4.058821	1.589319
4.064704	1.654602
4.070586	1.663519
4.076469	1.631673
4.082351	1.637406
4.088233	1.688359
4.094116	1.674347
4.099998	1.675302
4.105880	1.667977
4.111763	1.644093
4.117645	1.640590
4.123527	1.693454
4.129410	1.646959
4.135292	1.697912
4.141174	1.675620
4.147057	1.653328
4.152939	1.605878
4.158821	1.655558
4.164704	1.683263
4.170586	1.672117
4.176468	1.625941
4.182351	1.671162
4.188233	1.618617
4.194116	1.711925
4.199998	1.681353
4.205880	1.631992
4.211763	1.685174
4.217645	1.573077
4.223527	1.663519
4.229410	1.713198
4.235292	1.591229
4.241174	1.693772
4.247057	1.620527
4.252939	1.698231
4.258821	1.638998
4.264704	1.672117
4.270586	1.659698
4.276468	1.685811
4.282351	1.675620
4.288233	1.641546
4.294116	1.675939
4.299998	1.664156
4.305880	1.633584
4.311763	1.677850
4.317645	1.617024
4.323527	1.683263
4.329410	1.666067
4.335292	1.639953
4.341174	1.658105
4.347057	1.698231
4.352939	1.667659
4.358821	1.689314
4.364704	1.637724
4.370586	1.643775
4.376468	1.664156
4.382351	1.616706
4.388233	1.648552
4.394115	1.660016
4.399998	1.554607
4.405880	1.661290
4.411763	1.575625
4.417645	1.582631
4.423527	1.661608
4.429410	1.667022
4.435292	1.593459
4.441174	1.565116
4.447057	1.681353
4.452939	1.612884
4.458821	1.667341
4.464704	1.609381
4.470586	1.700779
4.476468	1.681034
4.482351	1.619890
4.488233	1.612247
4.494115	1.489323
4.499998	1.681671
4.505880	1.668933
4.511762	1.621801
4.517645	1.662564
4.523527	1.492508
4.529409	1.673073
4.535292	1.664793
4.541174	1.648870
4.547057	1.708740
4.552939	1.562887
4.558821	1.647915
4.564704	1.656513
4.570586	1.640909
4.576468	1.685811
4.582351	1.527538
4.588233	1.685174
4.594115	1.686448
4.599998	1.655239
4.605880	1.671799
4.611762	1.540913
4.617645	1.624030
4.623527	1.701734
4.629409	1.667659
4.635292	1.652692
4.641174	1.627215
4.647056	1.691862
4.652939	1.669251
4.658821	1.668933
4.664704	1.686130
4.670586	1.661290
4.676468	1.692180
4.682351	1.665111
4.688233	1.681353
4.694115	1.669251
4.699998	1.656513
4.705880	1.692180
4.711762	1.678168
4.717645	1.667977
4.723527	1.644412
4.729409	1.688677
4.735292	1.698231
4.741174	1.605878
4.747056	1.658424
4.752939	1.646959
4.758821	1.670525
4.764703	1.527219
4.770586	1.684537
4.776468	1.620527
4.782351	1.659698
4.788233	1.723707
4.794115	1.634221
4.799998	1.678168
4.805880	1.673710
4.811762	1.651418
4.817645	1.628807
4.823527	1.631036
4.829409	1.624030
4.835292	1.676576
4.841174	1.539639
4.847056	1.686130
4.852939	1.631673
4.858821	1.623075
4.864703	1.659698
4.870586	1.647596
4.876468	1.701734
4.882350	1.669888
4.888233	1.632947
4.894115	1.691862
4.899998	1.650144
4.905880	1.678487
4.911762	1.673710
4.917645	1.686766
4.923527	1.667341
4.929409	1.669888
4.935292	1.689633
4.941174	1.649507
4.947056	1.683263
4.952939	1.643456
4.958821	1.668296
4.964703	1.670525
4.970586	1.628489
4.976468	1.666385
4.982350	1.673073
4.988233	1.630718
4.994115	1.659061

