LabVIEW Measurement	
Writer_Version	2
Reader_Version	2
Separator	Tab
Decimal_Separator	.
Multi_Headings	Yes
X_Columns	One
Time_Pref	Absolute
Operator	labuser
Date	1904/01/01
Time	01:00:00
***End_of_Header***	
	
Channels	1	
Samples	850	
Date	2022/05/23	
Time	18:20:40.7104002499996354338	
Y_Unit_Label	Volts	
X_Dimension	Time	
X0	0.0000000000000000E+0	
Delta_X	0.005882	
***End_of_Header***		
X_Value	Voltage	Comment
0.000000	1.517029
0.005882	1.496011
0.011765	1.307803
0.017647	1.292198
0.023529	1.594095
0.029412	1.584542
0.035294	1.556518
0.041176	1.524990
0.047059	1.601420
0.052941	1.596962
0.058824	1.491234
0.064706	1.489642
0.070588	1.586452
0.076471	1.468305
0.082353	1.398881
0.088235	1.461299
0.094118	1.439962
0.100000	1.430090
0.105882	1.398244
0.111765	1.506520
0.117647	1.518303
0.123529	1.524990
0.129412	1.495374
0.135294	1.391875
0.141176	1.449516
0.147059	1.565116
0.152941	1.476266
0.158823	1.502061
0.164706	1.559384
0.170588	1.514481
0.176471	1.567982
0.182353	1.604286
0.188235	1.634221
0.194118	1.455248
0.200000	1.366080
0.205882	1.449198
0.211765	1.481680
0.217647	1.482317
0.223529	1.525309
0.229412	1.496011
0.235294	1.548238
0.241176	1.397289
0.247059	1.350794
0.252941	1.328184
0.258823	1.332642
0.264706	1.240290
0.270588	1.568300
0.276470	1.529767
0.282353	1.531359
0.288235	1.417033
0.294117	1.369583
0.300000	1.532633
0.305882	1.308121
0.311765	1.621483
0.317647	1.487094
0.323529	1.306210
0.329412	1.554607
0.335294	1.542824
0.341176	1.441555
0.347059	1.472763
0.352941	1.445058
0.358823	1.582631
0.364706	1.347610
0.370588	1.599191
0.376470	1.395697
0.382353	1.527856
0.388235	1.573714
0.394117	1.557154
0.400000	1.460662
0.405882	1.532952
0.411764	1.513844
0.417647	1.455248
0.423529	1.579765
0.429412	1.406206
0.435294	1.467986
0.441176	1.339648
0.447059	1.401429
0.452941	1.490278
0.458823	1.420855
0.464706	1.505564
0.470588	1.448242
0.476470	1.631036
0.482353	1.600783
0.488235	1.514481
0.494117	1.499514
0.500000	1.518621
0.505882	1.555881
0.511764	1.554607
0.517647	1.523716
0.523529	1.469897
0.529411	1.542505
0.535294	1.359074
0.541176	1.541550
0.547059	1.523398
0.552941	1.447605
0.558823	1.489642
0.564706	1.570530
0.570588	1.341559
0.576470	1.389009
0.582353	1.242200
0.588235	1.455885
0.594117	1.504927
0.600000	1.589637
0.605882	1.567345
0.611764	1.436141
0.617647	1.332005
0.623529	1.583268
0.629411	1.512252
0.635294	1.553651
0.641176	1.441236
0.647058	1.583586
0.652941	1.514800
0.658823	1.507475
0.664706	1.437733
0.670588	1.346654
0.676470	1.583905
0.682353	1.484865
0.688235	1.456522
0.694117	1.490597
0.700000	1.541550
0.705882	1.331050
0.711764	1.501743
0.717647	1.356208
0.723529	1.615114
0.729411	1.456204
0.735294	1.336464
0.741176	1.464165
0.747058	1.462573
0.752941	1.460662
0.758823	1.343470
0.764705	1.504609
0.770588	1.508749
0.776470	1.329139
0.782353	1.503654
0.788235	1.502380
0.794117	1.419581
0.800000	1.438052
0.805882	1.339967
0.811764	1.394104
0.817647	1.427861
0.823529	1.529767
0.829411	1.467350
0.835294	1.567664
0.841176	1.489642
0.847058	1.465120
0.852941	1.481680
0.858823	1.309076
0.864705	1.452064
0.870588	1.475629
0.876470	1.619572
0.882352	1.486457
0.888235	1.392512
0.894117	1.463847
0.900000	1.508431
0.905882	1.490915
0.911764	1.635495
0.917647	1.499832
0.923529	1.544735
0.929411	1.523398
0.935294	1.546008
0.941176	1.585497
0.947058	1.566708
0.952941	1.549511
0.958823	1.545690
0.964705	1.590911
0.970588	1.655876
0.976470	1.385825
0.982352	1.327547
0.988235	1.360985
0.994117	1.541232
0.999999	1.469260
1.005882	1.367354
1.011764	1.417989
1.017647	1.572440
1.023529	1.431364
1.029411	1.459388
1.035294	1.403977
1.041176	1.535499
1.047058	1.446650
1.052941	1.579128
1.058823	1.600783
1.064705	1.600783
1.070588	1.596006
1.076470	1.538684
1.082352	1.362259
1.088235	1.505883
1.094117	1.372131
1.099999	1.527856
1.105882	1.586452
1.111764	1.470216
1.117646	1.460025
1.123529	1.410346
1.129411	1.594095
1.135294	1.454611
1.141176	1.474674
1.147058	1.507475
1.152941	1.374997
1.158823	1.535181
1.164705	1.465120
1.170588	1.462254
1.176470	1.440918
1.182352	1.536773
1.188235	1.622438
1.194117	1.353660
1.199999	1.636132
1.205882	1.523716
1.211764	1.560021
1.217646	1.510660
1.223529	1.593140
1.229411	1.396971
1.235294	1.542505
1.241176	1.265129
1.247058	1.519258
1.252941	1.504927
1.258823	1.388054
1.264705	1.546964
1.270588	1.542187
1.276470	1.464802
1.282352	1.469260
1.288235	1.466394
1.294117	1.499832
1.299999	1.283918
1.305882	1.593140
1.311764	1.619572
1.317646	1.415123
1.323529	1.611929
1.329411	1.451745
1.335293	1.505883
1.341176	1.581676
1.347058	1.459070
1.352940	1.509386
1.358823	1.514163
1.364705	1.414804
1.370588	1.540276
1.376470	1.546964
1.382352	1.545690
1.388235	1.366717
1.394117	1.494100
1.399999	1.534862
1.405882	1.527219
1.411764	1.596643
1.417646	1.443147
1.423529	1.549511
1.429411	1.320859
1.435293	1.484546
1.441176	1.606197
1.447058	1.474993
1.452940	1.380411
1.458823	1.620527
1.464705	1.443784
1.470587	1.504291
1.476470	1.377863
1.482352	1.327547
1.488235	1.620527
1.494117	1.542187
1.499999	1.514163
1.505882	1.465439
1.511764	1.496329
1.517646	1.536773
1.523529	1.590592
1.529411	1.504609
1.535293	1.476585
1.541176	1.542824
1.547058	1.467350
1.552940	1.519258
1.558823	1.403977
1.564705	1.557154
1.570587	1.572440
1.576470	1.576262
1.582352	1.395697
1.588234	1.489323
1.594117	1.525309
1.599999	1.504291
1.605882	1.403658
1.611764	1.376271
1.617646	1.487731
1.623529	1.454293
1.629411	1.501106
1.635293	1.516710
1.641176	1.546008
1.647058	1.355253
1.652940	1.424995
1.658823	1.264174
1.664705	1.225959
1.670587	1.490278
1.676470	1.577854
1.682352	1.396015
1.688234	1.350157
1.694117	1.396015
1.699999	1.552696
1.705881	1.539002
1.711764	1.577854
1.717646	1.541232
1.723529	1.398244
1.729411	1.523080
1.735293	1.468623
1.741176	1.461936
1.747058	1.599191
1.752940	1.590592
1.758823	1.370857
1.764705	1.454611
1.770587	1.559384
1.776470	1.389328
1.782352	1.513844
1.788234	1.467986
1.794117	1.289014
1.799999	1.338056
1.805881	1.356845
1.811764	1.536773
1.817646	1.530404
1.823528	1.548556
1.829411	1.601101
1.835293	1.410027
1.841176	1.463847
1.847058	1.510023
1.852940	1.503972
1.858823	1.604923
1.864705	1.303026
1.870587	1.540595
1.876470	1.527856
1.882352	1.557473
1.888234	1.475948
1.894117	1.496011
1.899999	1.606834
1.905881	1.471489
1.911764	1.352387
1.917646	1.603012
1.923528	1.520532
1.929411	1.644093
1.935293	1.556199
1.941175	1.566071
1.947058	1.402703
1.952940	1.279778
1.958823	1.462254
1.964705	1.556836
1.970587	1.420536
1.976470	1.490915
1.982352	1.402703
1.988234	1.253665
1.994117	1.568619
1.999999	1.301115
2.005881	1.520532
2.011764	1.426906
2.017646	1.498240
2.023528	1.479132
2.029411	1.379774
2.035293	1.600465
2.041175	1.553970
2.047058	1.416396
2.052940	1.573077
2.058822	1.482635
2.064705	1.520213
2.070587	1.527219
2.076470	1.486457
2.082352	1.489960
2.088234	1.599828
2.094117	1.495055
2.099999	1.625941
2.105881	1.479132
2.111764	1.470853
2.117646	1.428498
2.123528	1.557473
2.129411	1.541232
2.135293	1.417670
2.141175	1.572440
2.147058	1.552696
2.152940	1.605878
2.158822	1.378819
2.164705	1.440281
2.170587	1.384869
2.176470	1.588682
2.182352	1.520850
2.188234	1.258760
2.194117	1.471489
2.199999	1.510660
2.205881	1.296338
2.211764	1.549193
2.217646	1.464802
2.223528	1.497285
2.229411	1.399200
2.235293	1.538684
2.241175	1.578491
2.247058	1.533907
2.252940	1.606515
2.258822	1.349202
2.264705	1.274046
2.270587	1.567664
2.276469	1.489642
2.282352	1.335827
2.288234	1.281371
2.294116	1.430090
2.299999	1.338693
2.305881	1.485183
2.311764	1.437096
2.317646	1.435822
2.323528	1.427542
2.329411	1.468305
2.335293	1.513844
2.341175	1.490915
2.347058	1.446013
2.352940	1.237105
2.358822	1.520850
2.364705	1.445694
2.370587	1.462573
2.376469	1.271499
2.382352	1.536136
2.388234	1.637724
2.394116	1.364169
2.399999	1.309713
2.405881	1.489960
2.411763	1.475311
2.417646	1.290606
2.423528	1.467668
2.429411	1.559065
2.435293	1.399837
2.441175	1.415760
2.447058	1.519895
2.452940	1.270543
2.458822	1.367036
2.464705	1.634858
2.470587	1.397926
2.476469	1.503017
2.482352	1.537410
2.488234	1.472445
2.494116	1.523080
2.499999	1.396015
2.505881	1.428179
2.511763	1.528812
2.517646	1.459707
2.523528	1.392831
2.529411	1.499514
2.535293	1.457159
2.541175	1.443147
2.547058	1.511297
2.552940	1.522443
2.558822	1.472126
2.564705	1.521487
2.570587	1.540276
2.576469	1.448561
2.582352	1.502698
2.588234	1.535181
2.594116	1.531678
2.599999	1.377545
2.605881	1.356527
2.611763	1.428816
2.617646	1.393149
2.623528	1.503972
2.629410	1.564797
2.635293	1.572440
2.641175	1.507475
2.647057	1.441236
2.652940	1.494737
2.658822	1.508749
2.664705	1.482954
2.670587	1.379455
2.676469	1.474674
2.682352	1.424358
2.688234	1.631355
2.694116	1.585816
2.699999	1.617661
2.705881	1.594732
2.711763	1.514481
2.717646	1.471171
2.723528	1.387735
2.729410	1.497603
2.735293	1.316719
2.741175	1.333598
2.747057	1.406524
2.752940	1.504291
2.758822	1.517666
2.764704	1.553970
2.770587	1.362896
2.776469	1.486457
2.782352	1.428816
2.788234	1.528493
2.794116	1.609381
2.799999	1.476903
2.805881	1.514481
2.811763	1.491871
2.817646	1.610655
2.823528	1.560021
2.829410	1.543461
2.835293	1.558747
2.841175	1.640909
2.847057	1.573077
2.852940	1.373086
2.858822	1.438370
2.864704	1.454930
2.870587	1.360666
2.876469	1.484546
2.882351	1.428816
2.888234	1.378500
2.894116	1.481999
2.899999	1.533907
2.905881	1.457796
2.911763	1.544735
2.917646	1.546645
2.923528	1.575306
2.929410	1.533270
2.935293	1.307166
2.941175	1.310987
2.947057	1.533907
2.952940	1.530086
2.958822	1.457796
2.964704	1.414486
2.970587	1.469260
2.976469	1.530722
2.982351	1.470216
2.988234	1.512570
2.994116	1.501743
2.999998	1.386461
3.005881	1.533270
3.011763	1.447924
3.017646	1.434548
3.023528	1.482317
3.029410	1.588363
3.035293	1.502698
3.041175	1.574351
3.047057	1.575943
3.052940	1.432956
3.058822	1.367354
3.064704	1.294109
3.070587	1.588045
3.076469	1.477540
3.082351	1.580402
3.088234	1.474356
3.094116	1.461617
3.099998	1.576899
3.105881	1.480088
3.111763	1.477222
3.117646	1.490915
3.123528	1.361622
3.129410	1.450471
3.135293	1.424676
3.141175	1.556518
3.147057	1.568619
3.152940	1.317675
3.158822	1.588045
3.164704	1.432319
3.170587	1.434867
3.176469	1.499195
3.182351	1.384551
3.188234	1.508112
3.194116	1.405569
3.199998	1.297294
3.205881	1.525309
3.211763	1.462573
3.217645	1.512570
3.223528	1.516073
3.229410	1.458433
3.235292	1.539958
3.241175	1.472126
3.247057	1.483909
3.252940	1.494100
3.258822	1.361622
3.264704	1.571167
3.270587	1.462573
3.276469	1.487412
3.282351	1.322770
3.288234	1.385506
3.294116	1.515755
3.299998	1.378819
3.305881	1.274365
3.311763	1.455567
3.317645	1.454611
3.323528	1.442510
3.329410	1.536773
3.335292	1.412575
3.341175	1.395697
3.347057	1.484865
3.352939	1.499832
3.358822	1.576580
3.364704	1.517984
3.370587	1.464483
3.376469	1.556199
3.382351	1.434230
3.388234	1.595369
3.394116	1.460025
3.399998	1.425950
3.405881	1.547919
3.411763	1.429772
3.417645	1.400792
3.423528	1.418626
3.429410	1.578491
3.435292	1.482954
3.441175	1.503972
3.447057	1.581357
3.452939	1.538365
3.458822	1.418944
3.464704	1.501424
3.470587	1.545690
3.476469	1.549193
3.482351	1.516392
3.488234	1.420855
3.494116	1.462573
3.499998	1.568619
3.505881	1.487412
3.511763	1.310669
3.517645	1.547282
3.523528	1.525309
3.529410	1.390601
3.535292	1.482317
3.541175	1.341241
3.547057	1.567664
3.552939	1.516710
3.558822	1.371176
3.564704	1.382322
3.570586	1.482317
3.576469	1.592503
3.582351	1.490278
3.588233	1.434230
3.594116	1.502698
3.599998	1.470216
3.605881	1.277868
3.611763	1.436141
3.617645	1.505564
3.623528	1.630718
3.629410	1.523398
3.635292	1.610655
3.641175	1.494418
3.647057	1.524353
3.652939	1.454611
3.658822	1.413530
3.664704	1.388691
3.670586	1.584542
3.676469	1.528493
3.682351	1.489960
3.688233	1.471808
3.694116	1.480406
3.699998	1.486457
3.705880	1.310032
3.711763	1.507475
3.717645	1.632629
3.723528	1.625623
3.729410	1.525309
3.735292	1.396015
3.741175	1.204623
3.747057	1.449198
3.752939	1.526264
3.758822	1.588363
3.764704	1.387098
3.770586	1.389646
3.776469	1.528812
3.782351	1.455567
3.788233	1.490915
3.794116	1.420855
3.799998	1.443784
3.805880	1.539002
3.811763	1.396971
3.817645	1.321496
3.823527	1.449834
3.829410	1.507475
3.835292	1.466394
3.841175	1.398563
3.847057	1.265129
3.852939	1.545053
3.858822	1.493781
3.864704	1.526901
3.870586	1.470534
3.876469	1.528493
3.882351	1.355571
3.888233	1.472445
3.894116	1.515437
3.899998	1.470216
3.905880	1.434867
3.911763	1.520532
3.917645	1.512252
3.923527	1.481680
3.929410	1.531678
3.935292	1.446650
3.941174	1.520213
3.947057	1.286784
3.952939	1.518621
3.958822	1.580720
3.964704	1.574351
3.970586	1.463528
3.976469	1.567027
3.982351	1.573077
3.988233	1.338693
3.994116	1.538047
3.999998	1.533589
4.005880	1.471489
4.011763	1.495055
4.017645	1.281689
4.023527	1.408117
4.029410	1.494418
4.035292	1.544098
4.041174	1.498877
4.047057	1.282326
4.052939	1.289014
4.058821	1.585179
4.064704	1.329139
4.070586	1.614477
4.076469	1.553970
4.082351	1.604605
4.088233	1.494418
4.094116	1.449516
4.099998	1.477859
4.105880	1.455248
4.111763	1.527856
4.117645	1.508112
4.123527	1.515755
4.129410	1.594732
4.135292	1.527538
4.141174	1.647596
4.147057	1.457796
4.152939	1.507157
4.158821	1.298249
4.164704	1.532633
4.170586	1.603649
4.176468	1.386461
4.182351	1.440599
4.188233	1.509704
4.194116	1.434867
4.199998	1.543461
4.205880	1.574670
4.211763	1.620527
4.217645	1.244430
4.223527	1.277231
4.229410	1.473082
4.235292	1.406524
4.241174	1.342196
4.247057	1.603012
4.252939	1.445694
4.258821	1.478496
4.264704	1.418307
4.270586	1.570848
4.276468	1.542824
4.282351	1.392831
4.288233	1.602694
4.294116	1.492826
4.299998	1.596962
4.305880	1.539002
4.311763	1.481999
4.317645	1.478177
4.323527	1.556199
4.329410	1.483909
4.335292	1.543779
4.341174	1.393468
4.347057	1.600783
4.352939	1.540276
4.358821	1.542187
4.364704	1.690588
4.370586	1.456840
4.376468	1.408753
4.382351	1.440599
4.388233	1.473719
4.394115	1.415123
4.399998	1.570211
4.405880	1.523398
4.411763	1.529767
4.417645	1.360985
4.423527	1.418626
4.429410	1.461617
4.435292	1.451427
4.441174	1.515118
4.447057	1.410983
4.452939	1.417033
4.458821	1.506838
4.464704	1.567345
4.470586	1.378819
4.476468	1.508431
4.482351	1.477222
4.488233	1.506520
4.494115	1.493463
4.499998	1.418626
4.505880	1.422766
4.511762	1.380092
4.517645	1.460025
4.523527	1.633584
4.529409	1.269269
4.535292	1.467350
4.541174	1.358119
4.547057	1.415760
4.552939	1.504927
4.558821	1.533589
4.564704	1.494737
4.570586	1.503017
4.576468	1.589319
4.582351	1.538047
4.588233	1.539002
4.594115	1.537729
4.599998	1.546327
4.605880	1.443147
4.611762	1.429772
4.617645	1.313216
4.623527	1.532633
4.629409	1.349202
4.635292	1.293472
4.641174	1.583586
4.647056	1.476903
4.652939	1.587089
4.658821	1.550148
4.664704	1.504291
4.670586	1.437733
4.676468	1.574033
4.682351	1.517666
4.688233	1.501743
4.694115	1.453337
4.699998	1.275002
4.705880	1.342196
4.711762	1.470534
4.717645	1.294109
4.723527	1.492189
4.729409	1.537092
4.735292	1.468942
4.741174	1.417989
4.747056	1.434867
4.752939	1.566071
4.758821	1.552059
4.764703	1.533589
4.770586	1.387098
4.776468	1.420218
4.782351	1.531359
4.788233	1.489642
4.794115	1.471489
4.799998	1.326273
4.805880	1.501106
4.811762	1.408753
4.817645	1.514481
4.823527	1.501106
4.829409	1.544098
4.835292	1.391875
4.841174	1.522124
4.847056	1.399518
4.852939	1.635495
4.858821	1.599828
4.864703	1.546645
4.870586	1.567027
4.876468	1.393786
4.882350	1.434230
4.888233	1.489642
4.894115	1.424995
4.899998	1.603968
4.905880	1.500151
4.911762	1.622120
4.917645	1.500788
4.923527	1.479451
4.929409	1.596325
4.935292	1.361622
4.941174	1.443784
4.947056	1.545690
4.952939	1.503654
4.958821	1.468305
4.964703	1.415441
4.970586	1.495374
4.976468	1.546008
4.982350	1.479769
4.988233	1.486457
4.994115	1.620209

