0.000000	1.611929
0.005882	1.487731
0.011765	1.381366
0.017647	1.408435
0.023529	1.446331
0.029412	1.487094
0.035294	1.328502
0.041176	1.549193
0.047059	1.489005
0.052941	1.388054
0.058824	1.393786
0.064706	1.414804
0.070588	1.532952
0.076471	1.599191
0.082353	1.487094
0.088235	1.542187
0.094118	1.379455
0.100000	1.489642
0.105882	1.592822
0.111765	1.332005
0.117647	1.356845
0.123529	1.511297
0.129412	1.399200
0.135294	1.568619
0.141176	1.381366
0.147059	1.402384
0.152941	1.469260
0.158823	1.352705
0.164706	1.513207
0.170588	1.552378
0.176471	1.354616
0.182353	1.422447
0.188235	1.550148
0.194118	1.468942
0.200000	1.425950
0.205882	1.372449
0.211765	1.364806
0.217647	1.452701
0.223529	1.578173
0.229412	1.523398
0.235294	1.527538
0.241176	1.286148
0.247059	1.384551
0.252941	1.436459
0.258823	1.481362
0.264706	1.380411
0.270588	1.202075
0.276470	1.465757
0.282353	1.511297
0.288235	1.371494
0.294117	1.487412
0.300000	1.267677
0.305882	1.432319
0.311765	1.415441
0.317647	1.486139
0.323529	1.498877
0.329412	1.462891
0.335294	1.515437
0.341176	1.483272
0.347059	1.547601
0.352941	1.503335
0.358823	1.396015
0.364706	1.405887
0.370588	1.326592
0.376470	1.358437
0.382353	1.481999
0.388235	1.592185
0.394117	1.428179
0.400000	1.544416
0.405882	1.385506
0.411764	1.582631
0.417647	1.208762
0.423529	1.279141
0.429412	1.474356
0.435294	1.410983
0.441176	1.465120
0.447059	1.383277
0.452941	1.471171
0.458823	1.396334
0.464706	1.440599
0.470588	1.412256
0.476470	1.461936
0.482353	1.276594
0.488235	1.367036
0.494117	1.417670
0.500000	1.482954
0.505882	1.472445
0.511764	1.505564
0.517647	1.433593
0.523529	1.552059
0.529411	1.456522
0.535294	1.537092
0.541176	1.475311
0.547059	1.421173
0.552941	1.477540
0.558823	1.435185
0.564706	1.342514
0.570588	1.528493
0.576470	1.447605
0.582353	1.492508
0.588235	1.468623
0.594117	1.335827
0.600000	1.463210
0.605882	1.371494
0.611764	1.455248
0.617647	1.417989
0.623529	1.404932
0.629411	1.403658
0.635294	1.382958
0.641176	1.534544
0.647058	1.517666
0.652941	1.458114
0.658823	1.502061
0.664706	1.541868
0.670588	1.477540
0.676470	1.442510
0.682353	1.450153
0.688235	1.480088
0.694117	1.474356
0.700000	1.311943
0.705882	1.425313
0.711764	1.397289
0.717647	1.294746
0.723529	1.556518
0.729411	1.537729
0.735294	1.384232
0.741176	1.529767
0.747058	1.250799
0.752941	1.376271
0.758823	1.528812
0.764705	1.508431
0.770588	1.537092
0.776470	1.403977
0.782353	1.598235
0.788235	1.480725
0.794117	1.481999
0.800000	1.434867
0.805882	1.310669
0.811764	1.488686
0.817647	1.355253
0.823529	1.447287
0.829411	1.470534
0.835294	1.381685
0.841176	1.498240
0.847058	1.505883
0.852941	1.472445
0.858823	1.291880
0.864705	1.446650
0.870588	1.440281
0.876470	1.478496
0.882352	1.517666
0.888235	1.424358
0.894117	1.397926
0.900000	1.336464
0.905882	1.341559
0.911764	1.425313
0.917647	1.437733
0.923529	1.448879
0.929411	1.466076
0.935294	1.471808
0.941176	1.373086
0.947058	1.421492
0.952941	1.393149
0.958823	1.424676
0.964705	1.456522
0.970588	1.258442
0.976470	1.468623
0.982352	1.432319
0.988235	1.413849
0.994117	1.407798
0.999999	1.269269
1.005882	1.449516
1.011764	1.461299
1.017647	1.406524
1.023529	1.446331
1.029411	1.527219
1.035294	1.581676
1.041176	1.477859
1.047058	1.502380
1.052941	1.496011
1.058823	1.421173
1.064705	1.457477
1.070588	1.394741
1.076470	1.515755
1.082352	1.520532
1.088235	1.504609
1.094117	1.497921
1.099999	1.315127
1.105882	1.472445
1.111764	1.438688
1.117646	1.460025
1.123529	1.432319
1.129411	1.282008
1.135294	1.415123
1.141176	1.460344
1.147058	1.351750
1.152941	1.420855
1.158823	1.488686
1.164705	1.498558
1.170588	1.403658
1.176470	1.470216
1.182352	1.409390
1.188235	1.483272
1.194117	1.605878
1.199999	1.371494
1.205882	1.390920
1.211764	1.332961
1.217646	1.304936
1.223529	1.337419
1.229411	1.408117
1.235294	1.546964
1.241176	1.467350
1.247058	1.544098
1.252941	1.285829
1.258823	1.312579
1.264705	1.358437
1.270588	1.382322
1.276470	1.487731
1.282352	1.268314
1.288235	1.332642
1.294117	1.305573
1.299999	1.527856
1.305882	1.367036
1.311764	1.351431
1.317646	1.463847
1.323529	1.236787
1.329411	1.405250
1.335293	1.461299
1.341176	1.413849
1.347058	1.501424
1.352940	1.412575
1.358823	1.451427
1.364705	1.487094
1.370588	1.441555
1.376470	1.415760
1.382352	1.461617
1.388235	1.468305
1.394117	1.470216
1.399999	1.507475
1.405882	1.386780
1.411764	1.373723
1.417646	1.375634
1.423529	1.547601
1.429411	1.327228
1.435293	1.471808
1.441176	1.499514
1.447058	1.439325
1.452940	1.450153
1.458823	1.424358
1.464705	1.314172
1.470587	1.468623
1.476470	1.301752
1.482352	1.440918
1.488235	1.445376
1.494117	1.510660
1.499999	1.398244
1.505882	1.415760
1.511764	1.379137
1.517646	1.489005
1.523529	1.398881
1.529411	1.344425
1.535293	1.390601
1.541176	1.463847
1.547058	1.407161
1.552940	1.302389
1.558823	1.485502
1.564705	1.572122
1.570587	1.402384
1.576470	1.248251
1.582352	1.499514
1.588234	1.484865
1.594117	1.558747
1.599999	1.439962
1.605882	1.554288
1.611764	1.518940
1.617646	1.286466
1.623529	1.571485
1.629411	1.367673
1.635293	1.393149
1.641176	1.555244
1.647058	1.443147
1.652940	1.509067
1.658823	1.552059
1.664705	1.540276
1.670587	1.552696
1.676470	1.392512
1.682352	1.362259
1.688234	1.422766
1.694117	1.420536
1.699999	1.400474
1.705881	1.432319
1.711764	1.415760
1.717646	1.579128
1.723529	1.546008
1.729411	1.524672
1.735293	1.508431
1.741176	1.485820
1.747058	1.447287
1.752940	1.438370
1.758823	1.389328
1.764705	1.472763
1.770587	1.326910
1.776470	1.415441
1.782352	1.545690
1.788234	1.512252
1.794117	1.487094
1.799999	1.546645
1.805881	1.520213
1.811764	1.439962
1.817646	1.352068
1.823528	1.332005
1.829411	1.489005
1.835293	1.481999
1.841176	1.423402
1.847058	1.525309
1.852940	1.310987
1.858823	1.414167
1.864705	1.571167
1.870587	1.372449
1.876470	1.338374
1.882352	1.297930
1.888234	1.617343
1.894117	1.472126
1.899999	1.380411
1.905881	1.546645
1.911764	1.458114
1.917646	1.416715
1.923528	1.468623
1.929411	1.265448
1.935293	1.466076
1.941175	1.512570
1.947058	1.450153
1.952940	1.345062
1.958823	1.317356
1.964705	1.345381
1.970587	1.260671
1.976470	1.393468
1.982352	1.481043
1.988234	1.310032
1.994117	1.283281
1.999999	1.443784
2.005881	1.393149
2.011764	1.450471
2.017646	1.337101
2.023528	1.311624
2.029411	1.520532
2.035293	1.474674
2.041175	1.335508
2.047058	1.463528
2.052940	1.290287
2.058822	1.403977
2.064705	1.419581
2.070587	1.417989
2.076470	1.450471
2.082352	1.563524
2.088234	1.498240
2.094117	1.380411
2.099999	1.376908
2.105881	1.351750
2.111764	1.497285
2.117646	1.527219
2.123528	1.466076
2.129411	1.426587
2.135293	1.278505
2.141175	1.501743
2.147058	1.351431
2.152940	1.375315
2.158822	1.565434
2.164705	1.235513
2.170587	1.488368
2.176470	1.475948
2.182352	1.390920
2.188234	1.418626
2.194117	1.430409
2.199999	1.245385
2.205881	1.489005
2.211764	1.442510
2.217646	1.422129
2.223528	1.477859
2.229411	1.497603
2.235293	1.510023
2.241175	1.431045
2.247058	1.366717
2.252940	1.420536
2.258822	1.326592
2.264705	1.473719
2.270587	1.509704
2.276469	1.433593
2.282352	1.437415
2.288234	1.313853
2.294116	1.283918
2.299999	1.374360
2.305881	1.271180
2.311764	1.397607
2.317646	1.362896
2.323528	1.357163
2.329411	1.442191
2.335293	1.352387
2.341175	1.380411
2.347058	1.444739
2.352940	1.497603
2.358822	1.410346
2.364705	1.439007
2.370587	1.375634
2.376469	1.442191
2.382352	1.412575
2.388234	1.395697
2.394116	1.423084
2.399999	1.400155
2.405881	1.462891
2.411763	1.342833
2.417646	1.436778
2.423528	1.518940
2.429411	1.538365
2.435293	1.506201
2.441175	1.462573
2.447058	1.519895
2.452940	1.525309
2.458822	1.303663
2.464705	1.309713
2.470587	1.493781
2.476469	1.306210
2.482352	1.408753
2.488234	1.411938
2.494116	1.382640
2.499999	1.464802
2.505881	1.493145
2.511763	1.380729
2.517646	1.365443
2.523528	1.472445
2.529411	1.543142
2.535293	1.443147
2.541175	1.399200
2.547058	1.397926
2.552940	1.398244
2.558822	1.396015
2.564705	1.370220
2.570587	1.396971
2.576469	1.411620
2.582352	1.595369
2.588234	1.411620
2.594116	1.406524
2.599999	1.490278
2.605881	1.252710
2.611763	1.467350
2.617646	1.503972
2.623528	1.492508
2.629410	1.499514
2.635293	1.440918
2.641175	1.448879
2.647057	1.384232
2.652940	1.400474
2.658822	1.540595
2.664705	1.477540
2.670587	1.427861
2.676469	1.537729
2.682352	1.394423
2.688234	1.557791
2.694116	1.547601
2.699999	1.330732
2.705881	1.428498
2.711763	1.217998
2.717646	1.412575
2.723528	1.523716
2.729410	1.550785
2.735293	1.559384
2.741175	1.400155
2.747057	1.514481
2.752940	1.545372
2.758822	1.495374
2.764704	1.416078
2.770587	1.568937
2.776469	1.446650
2.782352	1.399200
2.788234	1.481999
2.794116	1.524672
2.799999	1.433912
2.805881	1.467031
2.811763	1.513207
2.817646	1.291561
2.823528	1.530404
2.829410	1.436141
2.835293	1.581994
2.841175	1.505564
2.847057	1.459707
2.852940	1.528812
2.858822	1.561931
2.864704	1.382003
2.870587	1.444102
2.876469	1.524035
2.882351	1.528812
2.888234	1.483909
2.894116	1.442191
2.899999	1.507794
2.905881	1.401429
2.911763	1.500788
2.917646	1.440281
2.923528	1.516710
2.929410	1.544098
2.935293	1.515437
2.941175	1.496011
2.947057	1.292835
2.952940	1.481680
2.958822	1.310350
2.964704	1.458114
2.970587	1.400792
2.976469	1.548556
2.982351	1.419263
2.988234	1.489642
2.994116	1.453019
2.999998	1.492826
3.005881	1.507157
3.011763	1.482635
3.017646	1.460344
3.023528	1.468623
3.029410	1.283281
3.035293	1.249207
3.041175	1.389009
3.047057	1.406524
3.052940	1.348565
3.058822	1.395697
3.064704	1.417989
3.070587	1.401429
3.076469	1.446331
3.082351	1.448879
3.088234	1.442510
3.094116	1.402703
3.099998	1.486775
3.105881	1.374679
3.111763	1.458751
3.117646	1.428498
3.123528	1.408753
3.129410	1.386780
3.135293	1.421173
3.141175	1.344744
3.147057	1.430090
3.152940	1.401747
3.158822	1.278505
3.164704	1.464802
3.170587	1.554925
3.176469	1.380092
3.182351	1.348247
3.188234	1.566071
3.194116	1.442191
3.199998	1.566390
3.205881	1.441555
3.211763	1.390283
3.217645	1.506201
3.223528	1.408117
3.229410	1.564797
3.235292	1.525627
3.241175	1.460025
3.247057	1.448242
3.252940	1.542505
3.258822	1.523716
3.264704	1.538047
3.270587	1.488368
3.276469	1.491871
3.282351	1.374679
3.288234	1.397607
3.294116	1.462573
3.299998	1.385825
3.305881	1.485502
3.311763	1.370220
3.317645	1.563205
3.323528	1.532952
3.329410	1.584223
3.335292	1.506201
3.341175	1.396334
3.347057	1.501424
3.352939	1.450153
3.358822	1.461299
3.364704	1.353660
3.370587	1.295064
3.376469	1.377545
3.382351	1.391238
3.388234	1.376908
3.394116	1.390283
3.399998	1.336782
3.405881	1.434867
3.411763	1.339011
3.417645	1.398563
3.423528	1.540595
3.429410	1.463528
3.435292	1.411301
3.441175	1.372131
3.447057	1.381685
3.452939	1.477859
3.458822	1.427224
3.464704	1.574351
3.470587	1.562887
3.476469	1.429772
3.482351	1.513207
3.488234	1.536136
3.494116	1.530086
3.499998	1.429772
3.505881	1.389646
3.511763	1.536136
3.517645	1.346973
3.523528	1.476266
3.529410	1.452382
3.535292	1.486139
3.541175	1.484865
3.547057	1.311306
3.552939	1.365125
3.558822	1.514481
3.564704	1.487094
3.570586	1.541868
3.576469	1.446331
3.582351	1.405569
3.588233	1.520213
3.594116	1.542187
3.599998	1.519577
3.605881	1.512570
3.611763	1.505883
3.617645	1.518621
3.623528	1.290606
3.629410	1.417989
3.635292	1.459070
3.641175	1.389965
3.647057	1.408435
3.652939	1.308440
3.658822	1.291243
3.664704	1.334235
3.670586	1.464802
3.676469	1.495374
3.682351	1.479132
3.688233	1.487412
3.694116	1.399200
3.699998	1.503335
3.705880	1.401429
3.711763	1.405250
3.717645	1.498877
3.723528	1.443147
3.729410	1.313853
3.735292	1.392194
3.741175	1.439007
3.747057	1.503335
3.752939	1.506838
3.758822	1.389646
3.764704	1.429772
3.770586	1.499195
3.776469	1.521169
3.782351	1.362896
3.788233	1.525946
3.794116	1.483272
3.799998	1.536773
3.805880	1.477222
3.811763	1.305573
3.817645	1.432001
3.823527	1.512570
3.829410	1.380729
3.835292	1.426587
3.841175	1.474674
3.847057	1.530404
3.852939	1.445058
3.858822	1.436778
3.864704	1.546645
3.870586	1.531041
3.876469	1.433593
3.882351	1.501743
3.888233	1.567982
3.894116	1.572122
3.899998	1.479132
3.905880	1.484865
3.911763	1.520532
3.917645	1.333916
3.923527	1.594732
3.929410	1.465439
3.935292	1.411938
3.941174	1.355253
3.947057	1.506520
3.952939	1.540595
3.958822	1.564797
3.964704	1.453656
3.970586	1.448879
3.976469	1.421810
3.982351	1.285192
3.988233	1.453974
3.994116	1.420536
3.999998	1.332961
4.005880	1.435185
4.011763	1.233921
4.017645	1.407798
4.023527	1.425632
4.029410	1.414167
4.035292	1.566708
4.041174	1.454611
4.047057	1.408435
4.052939	1.389009
4.058821	1.340604
4.064704	1.369265
4.070586	1.444102
4.076469	1.518303
4.082351	1.478496
4.088233	1.410027
4.094116	1.457796
4.099998	1.565116
4.105880	1.520850
4.111763	1.308758
4.117645	1.345062
4.123527	1.459388
4.129410	1.420218
4.135292	1.424358
4.141174	1.405887
4.147057	1.551741
4.152939	1.428816
4.158821	1.382640
4.164704	1.411620
4.170586	1.403977
4.176468	1.394423
4.182351	1.379137
4.188233	1.378500
4.194116	1.382640
4.199998	1.461617
4.205880	1.462891
4.211763	1.479451
4.217645	1.422129
4.223527	1.417352
4.229410	1.388054
4.235292	1.384869
4.241174	1.487731
4.247057	1.472445
4.252939	1.538684
4.258821	1.380729
4.264704	1.323089
4.270586	1.364169
4.276468	1.517029
4.282351	1.398881
4.288233	1.471808
4.294116	1.501424
4.299998	1.338374
4.305880	1.289014
4.311763	1.422129
4.317645	1.496648
4.323527	1.492508
4.329410	1.495374
4.335292	1.310669
4.341174	1.494100
4.347057	1.479132
4.352939	1.446331
4.358821	1.367036
4.364704	1.405569
4.370586	1.494418
4.376468	1.611611
4.382351	1.324999
4.388233	1.312579
4.394115	1.337101
4.399998	1.474674
4.405880	1.455248
4.411763	1.519895
4.417645	1.351113
4.423527	1.388372
4.429410	1.413212
4.435292	1.295383
4.441174	1.386461
4.447057	1.440281
4.452939	1.437096
4.458821	1.463528
4.464704	1.409390
4.470586	1.524990
4.476468	1.513207
4.482351	1.466076
4.488233	1.434548
4.494115	1.312898
4.499998	1.504609
4.505880	1.358756
4.511762	1.541550
4.517645	1.498558
4.523527	1.519258
4.529409	1.438052
4.535292	1.354297
4.541174	1.307484
4.547057	1.381048
4.552939	1.377863
4.558821	1.407480
4.564704	1.349839
4.570586	1.485502
4.576468	1.483909
4.582351	1.360030
4.588233	1.459707
4.594115	1.411938
4.599998	1.479769
4.605880	1.523716
4.611762	1.331368
4.617645	1.522761
4.623527	1.416396
4.629409	1.284555
4.635292	1.552059
4.641174	1.536773
4.647056	1.430727
4.652939	1.463210
4.658821	1.380092
4.664704	1.395697
4.670586	1.289332
4.676468	1.434867
4.682351	1.465439
4.688233	1.446331
4.694115	1.330413
4.699998	1.256849
4.705880	1.444421
4.711762	1.428816
4.717645	1.198890
4.723527	1.464165
4.729409	1.367673
4.735292	1.345062
4.741174	1.483272
4.747056	1.476585
4.752939	1.345381
4.758821	1.384869
4.764703	1.299841
4.770586	1.474037
4.776468	1.466713
4.782351	1.385825
4.788233	1.521806
4.794115	1.427542
4.799998	1.460025
4.805880	1.471808
4.811762	1.473082
4.817645	1.338374
4.823527	1.512889
4.829409	1.395378
4.835292	1.395378
4.841174	1.433593
4.847056	1.510341
4.852939	1.189018
4.858821	1.450790
4.864703	1.294427
4.870586	1.517029
4.876468	1.438688
4.882350	1.457796
4.888233	1.532633
4.894115	1.327547
4.899998	1.539321
4.905880	1.402703
4.911762	1.421173
4.917645	1.408117
4.923527	1.491552
4.929409	1.435822
4.935292	1.420218
4.941174	1.377545
4.947056	1.264811
4.952939	1.396652
4.958821	1.489642
4.964703	1.444421
4.970586	1.443147
4.976468	1.466713
4.982350	1.572440
4.988233	1.315127
4.994115	1.548238
