0.000000	1.559384
0.005882	1.353979
0.011765	1.559702
0.017647	1.457477
0.023529	1.293472
0.029412	1.464802
0.035294	1.616387
0.041176	1.443784
0.047059	1.527219
0.052941	1.403021
0.058824	1.531996
0.064706	1.375315
0.070588	1.529449
0.076471	1.323407
0.082353	1.474356
0.088235	1.485502
0.094118	1.449198
0.100000	1.322452
0.105882	1.370539
0.111765	1.331368
0.117647	1.384551
0.123529	1.523398
0.129412	1.378182
0.135294	1.377545
0.141176	1.423721
0.147059	1.365125
0.152941	1.411620
0.158823	1.387417
0.164706	1.471808
0.170588	1.393468
0.176471	1.540595
0.182353	1.296338
0.188235	1.505246
0.194118	1.481999
0.200000	1.439007
0.205882	1.270543
0.211765	1.447287
0.217647	1.470534
0.223529	1.358437
0.229412	1.310032
0.235294	1.450153
0.241176	1.510341
0.247059	1.458114
0.252941	1.507475
0.258823	1.479451
0.264706	1.406524
0.270588	1.485183
0.276470	1.424039
0.282353	1.506520
0.288235	1.481999
0.294117	1.642182
0.300000	1.543142
0.305882	1.492189
0.311765	1.437415
0.317647	1.313216
0.323529	1.491871
0.329412	1.477540
0.335294	1.289332
0.341176	1.507794
0.347059	1.597280
0.352941	1.432319
0.358823	1.597598
0.364706	1.364488
0.370588	1.422766
0.376470	1.428816
0.382353	1.551741
0.388235	1.530404
0.394117	1.466076
0.400000	1.533270
0.405882	1.523080
0.411764	1.480088
0.417647	1.312261
0.423529	1.360666
0.429412	1.498558
0.435294	1.571167
0.441176	1.543779
0.447059	1.534544
0.452941	1.512570
0.458823	1.557154
0.464706	1.489960
0.470588	1.555244
0.476470	1.305892
0.482353	1.481999
0.488235	1.449198
0.494117	1.479769
0.500000	1.424039
0.505882	1.574033
0.511764	1.500788
0.517647	1.516710
0.523529	1.373723
0.529411	1.324362
0.535294	1.416078
0.541176	1.417352
0.547059	1.379137
0.552941	1.420855
0.558823	1.569574
0.564706	1.355253
0.570588	1.440599
0.576470	1.475629
0.582353	1.389965
0.588235	1.496011
0.594117	1.535818
0.600000	1.493781
0.605882	1.462573
0.611764	1.506201
0.617647	1.549193
0.623529	1.439962
0.629411	1.334871
0.635294	1.461617
0.641176	1.410346
0.647058	1.360348
0.652941	1.602057
0.658823	1.525627
0.664706	1.325955
0.670588	1.529767
0.676470	1.482317
0.682353	1.312898
0.688235	1.560976
0.694117	1.305892
0.700000	1.424995
0.705882	1.434867
0.711764	1.382003
0.717647	1.540595
0.723529	1.522761
0.729411	1.460980
0.735294	1.428816
0.741176	1.388372
0.747058	1.552378
0.752941	1.599828
0.758823	1.394104
0.764705	1.309713
0.770588	1.496011
0.776470	1.550467
0.782353	1.584542
0.788235	1.477540
0.794117	1.396334
0.800000	1.483272
0.805882	1.565116
0.811764	1.595369
0.817647	1.593459
0.823529	1.428498
0.829411	1.384869
0.835294	1.556836
0.841176	1.444739
0.847058	1.534544
0.852941	1.503335
0.858823	1.458433
0.864705	1.495374
0.870588	1.405250
0.876470	1.444739
0.882352	1.410664
0.888235	1.432001
0.894117	1.544735
0.900000	1.482317
0.905882	1.560021
0.911764	1.460344
0.917647	1.482635
0.923529	1.533589
0.929411	1.330413
0.935294	1.520213
0.941176	1.531678
0.947058	1.375634
0.952941	1.408117
0.958823	1.245067
0.964705	1.422129
0.970588	1.473400
0.976470	1.474356
0.982352	1.489960
0.988235	1.500151
0.994117	1.515755
0.999999	1.404932
1.005882	1.444421
1.011764	1.320541
1.017647	1.482954
1.023529	1.433912
1.029411	1.457477
1.035294	1.483591
1.041176	1.498877
1.047058	1.502061
1.052941	1.423402
1.058823	1.392194
1.064705	1.511297
1.070588	1.574670
1.076470	1.531041
1.082352	1.311624
1.088235	1.421810
1.094117	1.443784
1.099999	1.471489
1.105882	1.477859
1.111764	1.454611
1.117646	1.392831
1.123529	1.494100
1.129411	1.550148
1.135294	1.420218
1.141176	1.342514
1.147058	1.417670
1.152941	1.471808
1.158823	1.528175
1.164705	1.460025
1.170588	1.487412
1.176470	1.529449
1.182352	1.568300
1.188235	1.515437
1.194117	1.557473
1.199999	1.497603
1.205882	1.501743
1.211764	1.405569
1.217646	1.422447
1.223529	1.558110
1.229411	1.428816
1.235294	1.482954
1.241176	1.479132
1.247058	1.485183
1.252941	1.495692
1.258823	1.467031
1.264705	1.471171
1.270588	1.439325
1.276470	1.566071
1.282352	1.597917
1.288235	1.519577
1.294117	1.572440
1.299999	1.301433
1.305882	1.456522
1.311764	1.460025
1.317646	1.314172
1.323529	1.411938
1.329411	1.375952
1.335293	1.448242
1.341176	1.513844
1.347058	1.359393
1.352940	1.367036
1.358823	1.420536
1.364705	1.546008
1.370588	1.518303
1.376470	1.351750
1.382352	1.590274
1.388235	1.486775
1.394117	1.585816
1.399999	1.634858
1.405882	1.410983
1.411764	1.510978
1.417646	1.455885
1.423529	1.554288
1.429411	1.373405
1.435293	1.482954
1.441176	1.516710
1.447058	1.267677
1.452940	1.309076
1.458823	1.451427
1.464705	1.366717
1.470587	1.369902
1.476470	1.510023
1.482352	1.432001
1.488235	1.454611
1.494117	1.409072
1.499999	1.496648
1.505882	1.275002
1.511764	1.561613
1.517646	1.415760
1.523529	1.389646
1.529411	1.410027
1.535293	1.432319
1.541176	1.513526
1.547058	1.549511
1.552940	1.405250
1.558823	1.504927
1.564705	1.494100
1.570587	1.456204
1.576470	1.341877
1.582352	1.442510
1.588234	1.574988
1.594117	1.632947
1.599999	1.464165
1.605882	1.315127
1.611764	1.377226
1.617646	1.528493
1.623529	1.278505
1.629411	1.387098
1.635293	1.570211
1.641176	1.479132
1.647058	1.486775
1.652940	1.463847
1.658823	1.452382
1.664705	1.366399
1.670587	1.479451
1.676470	1.594095
1.682352	1.421810
1.688234	1.468623
1.694117	1.504927
1.699999	1.468942
1.705881	1.515755
1.711764	1.454293
1.717646	1.491871
1.723529	1.357800
1.729411	1.401111
1.735293	1.358119
1.741176	1.397926
1.747058	1.426587
1.752940	1.514800
1.758823	1.392831
1.764705	1.471171
1.770587	1.428498
1.776470	1.489005
1.782352	1.407798
1.788234	1.435822
1.794117	1.447924
1.799999	1.401747
1.805881	1.495374
1.811764	1.409072
1.817646	1.590592
1.823528	1.457477
1.829411	1.522443
1.835293	1.435822
1.841176	1.294109
1.847058	1.432956
1.852940	1.536136
1.858823	1.446013
1.864705	1.611611
1.870587	1.384232
1.876470	1.473400
1.882352	1.527219
1.888234	1.410027
1.894117	1.364169
1.899999	1.443465
1.905881	1.515437
1.911764	1.590911
1.917646	1.465120
1.923528	1.505246
1.929411	1.415123
1.935293	1.523080
1.941175	1.255576
1.947058	1.437096
1.952940	1.322452
1.958823	1.458433
1.964705	1.517029
1.970587	1.467031
1.976470	1.219590
1.982352	1.406524
1.988234	1.365125
1.994117	1.418626
1.999999	1.585179
2.005881	1.389965
2.011764	1.557473
2.017646	1.384869
2.023528	1.342514
2.029411	1.370220
2.035293	1.326273
2.041175	1.424676
2.047058	1.217679
2.052940	1.519895
2.058822	1.540595
2.064705	1.467986
2.070587	1.592822
2.076470	1.531678
2.082352	1.437733
2.088234	1.366717
2.094117	1.413530
2.099999	1.406524
2.105881	1.322452
2.111764	1.501106
2.117646	1.573714
2.123528	1.428179
2.129411	1.547919
2.135293	1.517666
2.141175	1.509704
2.147058	1.267359
2.152940	1.508749
2.158822	1.547919
2.164705	1.459388
2.170587	1.409072
2.176470	1.389009
2.182352	1.566708
2.188234	1.474674
2.194117	1.468305
2.199999	1.414167
2.205881	1.458433
2.211764	1.471489
2.217646	1.491552
2.223528	1.535818
2.229411	1.476903
2.235293	1.551741
2.241175	1.417033
2.247058	1.370857
2.252940	1.439962
2.258822	1.461617
2.264705	1.410346
2.270587	1.498558
2.276469	1.485502
2.282352	1.436459
2.288234	1.467350
2.294116	1.512252
2.299999	1.460980
2.305881	1.534862
2.311764	1.405569
2.317646	1.365443
2.323528	1.462254
2.329411	1.420218
2.335293	1.373086
2.341175	1.487094
2.347058	1.542824
2.352940	1.495692
2.358822	1.515437
2.364705	1.427861
2.370587	1.459707
2.376469	1.371494
2.382352	1.324044
2.388234	1.492826
2.394116	1.282963
2.399999	1.521169
2.405881	1.498558
2.411763	1.406524
2.417646	1.448879
2.423528	1.410027
2.429411	1.387735
2.435293	1.393468
2.441175	1.501743
2.447058	1.482317
2.452940	1.370539
2.458822	1.624030
2.464705	1.391238
2.470587	1.379137
2.476469	1.399837
2.482352	1.460980
2.488234	1.365762
2.494116	1.513844
2.499999	1.408117
2.505881	1.408753
2.511763	1.324999
2.517646	1.485183
2.523528	1.502698
2.529411	1.307166
2.535293	1.458751
2.541175	1.486139
2.547058	1.284237
2.552940	1.538365
2.558822	1.426587
2.564705	1.463847
2.570587	1.459070
2.576469	1.288377
2.582352	1.439644
2.588234	1.497285
2.594116	1.496011
2.599999	1.424676
2.605881	1.417670
2.611763	1.419899
2.617646	1.455248
2.623528	1.403658
2.629410	1.345699
2.635293	1.435185
2.641175	1.410983
2.647057	1.471171
2.652940	1.474356
2.658822	1.387417
2.664705	1.466394
2.670587	1.491871
2.676469	1.445694
2.682352	1.362896
2.688234	1.417989
2.694116	1.516392
2.699999	1.513207
2.705881	1.476903
2.711763	1.536773
2.717646	1.392194
2.723528	1.560657
2.729410	1.447287
2.735293	1.245067
2.741175	1.424039
2.747057	1.374679
2.752940	1.595688
2.758822	1.427542
2.764704	1.479451
2.770587	1.644412
2.776469	1.458114
2.782352	1.506201
2.788234	1.493781
2.794116	1.495374
2.799999	1.328821
2.805881	1.345062
2.811763	1.393149
2.817646	1.475948
2.823528	1.415441
2.829410	1.414804
2.835293	1.353023
2.841175	1.390920
2.847057	1.410027
2.852940	1.424676
2.858822	1.349520
2.864704	1.552059
2.870587	1.387735
2.876469	1.474037
2.882351	1.353342
2.888234	1.292835
2.894116	1.366717
2.899999	1.329139
2.905881	1.450790
2.911763	1.502061
2.917646	1.493145
2.923528	1.254620
2.929410	1.366399
2.935293	1.560976
2.941175	1.565753
2.947057	1.603649
2.952940	1.396015
2.958822	1.522761
2.964704	1.404295
2.970587	1.520213
2.976469	1.534862
2.982351	1.474993
2.988234	1.485820
2.994116	1.477859
2.999998	1.502698
3.005881	1.482954
3.011763	1.494737
3.017646	1.550467
3.023528	1.322452
3.029410	1.515437
3.035293	1.389965
3.041175	1.362896
3.047057	1.603649
3.052940	1.460980
3.058822	1.542187
3.064704	1.308758
3.070587	1.526901
3.076469	1.566708
3.082351	1.382322
3.088234	1.447287
3.094116	1.491234
3.099998	1.463528
3.105881	1.392194
3.111763	1.539321
3.117646	1.316082
3.123528	1.348884
3.129410	1.424995
3.135293	1.603331
3.141175	1.558110
3.147057	1.358119
3.152940	1.456522
3.158822	1.346017
3.164704	1.411620
3.170587	1.482635
3.176469	1.481043
3.182351	1.604923
3.188234	1.478496
3.194116	1.489960
3.199998	1.436141
3.205881	1.489642
3.211763	1.655239
3.217645	1.341559
3.223528	1.585497
3.229410	1.295701
3.235292	1.344107
3.241175	1.450471
3.247057	1.414804
3.252940	1.463210
3.258822	1.414486
3.264704	1.416715
3.270587	1.374360
3.276469	1.444739
3.282351	1.517666
3.288234	1.507157
3.294116	1.429772
3.299998	1.403658
3.305881	1.326910
3.311763	1.291561
3.317645	1.412893
3.323528	1.534544
3.329410	1.458751
3.335292	1.299841
3.341175	1.530722
3.347057	1.436141
3.352939	1.562250
3.358822	1.385506
3.364704	1.380411
3.370587	1.543779
3.376469	1.497603
3.382351	1.395060
3.388234	1.407480
3.394116	1.443147
3.399998	1.401429
3.405881	1.453974
3.411763	1.453656
3.417645	1.253028
3.423528	1.436141
3.429410	1.399518
3.435292	1.503017
3.441175	1.511934
3.447057	1.417352
3.452939	1.266403
3.458822	1.396652
3.464704	1.288377
3.470587	1.310987
3.476469	1.469897
3.482351	1.244430
3.488234	1.403658
3.494116	1.588045
3.499998	1.512570
3.505881	1.667022
3.511763	1.482635
3.517645	1.453019
3.523528	1.467986
3.529410	1.342196
3.535292	1.442191
3.541175	1.388054
3.547057	1.489642
3.552939	1.483272
3.558822	1.444739
3.564704	1.343151
3.570586	1.519895
3.576469	1.388054
3.582351	1.467668
3.588233	1.357800
3.594116	1.271817
3.599998	1.433593
3.605881	1.432638
3.611763	1.282326
3.617645	1.390920
3.623528	1.371494
3.629410	1.481362
3.635292	1.487094
3.641175	1.533589
3.647057	1.578173
3.652939	1.558428
3.658822	1.356527
3.664704	1.502698
3.670586	1.379137
3.676469	1.475629
3.682351	1.461617
3.688233	1.382640
3.694116	1.434867
3.699998	1.489642
3.705880	1.415760
3.711763	1.541868
3.717645	1.418626
3.723528	1.535181
3.729410	1.375634
3.735292	1.519258
3.741175	1.271817
3.747057	1.512252
3.752939	1.517029
3.758822	1.431364
3.764704	1.466076
3.770586	1.484546
3.776469	1.393468
3.782351	1.439962
3.788233	1.339330
3.794116	1.527538
3.799998	1.459388
3.805880	1.511615
3.811763	1.590274
3.817645	1.547601
3.823527	1.552059
3.829410	1.445058
3.835292	1.428179
3.841175	1.502380
3.847057	1.432319
3.852939	1.436459
3.858822	1.369265
3.864704	1.407798
3.870586	1.551741
3.876469	1.513526
3.882351	1.507794
3.888233	1.557154
3.894116	1.506520
3.899998	1.531678
3.905880	1.451427
3.911763	1.307803
3.917645	1.466713
3.923527	1.565434
3.929410	1.453656
3.935292	1.670844
3.941174	1.396652
3.947057	1.335827
3.952939	1.340922
3.958822	1.604605
3.964704	1.490915
3.970586	1.478496
3.976469	1.566708
3.982351	1.498240
3.988233	1.393149
3.994116	1.511615
3.999998	1.387735
4.005880	1.278186
4.011763	1.557791
4.017645	1.506838
4.023527	1.438688
4.029410	1.464483
4.035292	1.368628
4.041174	1.543779
4.047057	1.357482
4.052939	1.348565
4.058821	1.503017
4.064704	1.514481
4.070586	1.484228
4.076469	1.389328
4.082351	1.528812
4.088233	1.496648
4.094116	1.395378
4.099998	1.418626
4.105880	1.503972
4.111763	1.447605
4.117645	1.531678
4.123527	1.480725
4.129410	1.546964
4.135292	1.287103
4.141174	1.402384
4.147057	1.524353
4.152939	1.514163
4.158821	1.439962
4.164704	1.389646
4.170586	1.562250
4.176468	1.391557
4.182351	1.367673
4.188233	1.403658
4.194116	1.368628
4.199998	1.270543
4.205880	1.406524
4.211763	1.513844
4.217645	1.361940
4.223527	1.462891
4.229410	1.323725
4.235292	1.340285
4.241174	1.287421
4.247057	1.460980
4.252939	1.509386
4.258821	1.504291
4.264704	1.536773
4.270586	1.427542
4.276468	1.436141
4.282351	1.342833
4.288233	1.407798
4.294116	1.414167
4.299998	1.327547
4.305880	1.441555
4.311763	1.502380
4.317645	1.646959
4.323527	1.436141
4.329410	1.418626
4.335292	1.425950
4.341174	1.390601
4.347057	1.307803
4.352939	1.474993
4.358821	1.509386
4.364704	1.400792
4.370586	1.424039
4.376468	1.453656
4.382351	1.566071
4.388233	1.368946
4.394115	1.349520
4.399998	1.362896
4.405880	1.450790
4.411763	1.337419
4.417645	1.483909
4.423527	1.481362
4.429410	1.571485
4.435292	1.389328
4.441174	1.439962
4.447057	1.492189
4.452939	1.401111
4.458821	1.552696
4.464704	1.416715
4.470586	1.531678
4.476468	1.571485
4.482351	1.570848
4.488233	1.451108
4.494115	1.464802
4.499998	1.514800
4.505880	1.559065
4.511762	1.364169
4.517645	1.442510
4.523527	1.521487
4.529409	1.535499
4.535292	1.504291
4.541174	1.485183
4.547057	1.439962
4.552939	1.468623
4.558821	1.539321
4.564704	1.427542
4.570586	1.528493
4.576468	1.503972
4.582351	1.488049
4.588233	1.436778
4.594115	1.559702
4.599998	1.472126
4.605880	1.593140
4.611762	1.511615
4.617645	1.489323
4.623527	1.590911
4.629409	1.423721
4.635292	1.454611
4.641174	1.477859
4.647056	1.435822
4.652939	1.391238
4.658821	1.382640
4.664704	1.373723
4.670586	1.517029
4.676468	1.555881
4.682351	1.543461
4.688233	1.469260
4.694115	1.481362
4.699998	1.379137
4.705880	1.293472
4.711762	1.607789
4.717645	1.305892
4.723527	1.541868
4.729409	1.378819
4.735292	1.552696
4.741174	1.363851
4.747056	1.420536
4.752939	1.617024
4.758821	1.479132
4.764703	1.464802
4.770586	1.415760
4.776468	1.408435
4.782351	1.479451
4.788233	1.437096
4.794115	1.551741
4.799998	1.469579
4.805880	1.336145
4.811762	1.556199
4.817645	1.489642
4.823527	1.560976
4.829409	1.523716
4.835292	1.484865
4.841174	1.601101
4.847056	1.648552
4.852939	1.509386
4.858821	1.435504
4.864703	1.441555
4.870586	1.556836
4.876468	1.357800
4.882350	1.423084
4.888233	1.552059
4.894115	1.381048
4.899998	1.503654
4.905880	1.261308
4.911762	1.453974
4.917645	1.458751
4.923527	1.450790
4.929409	1.568619
4.935292	1.529767
4.941174	1.492508
4.947056	1.476266
4.952939	1.472126
4.958821	1.357482
4.964703	1.353342
4.970586	1.552696
4.976468	1.400155
4.982350	1.295701
4.988233	1.492826
4.994115	1.536136
