0.000000	1.596325
0.005882	1.554288
0.011765	1.583268
0.017647	1.567664
0.023529	1.591866
0.029412	1.591229
0.035294	1.553651
0.041176	1.577217
0.047059	1.583586
0.052941	1.574988
0.058824	1.584223
0.064706	1.572759
0.070588	1.595369
0.076471	1.591548
0.082353	1.572440
0.088235	1.601101
0.094118	1.601420
0.100000	1.599191
0.105882	1.595051
0.111765	1.611292
0.117647	1.603968
0.123529	1.590592
0.129412	1.592822
0.135294	1.601101
0.141176	1.579128
0.147059	1.575943
0.152941	1.553333
0.158823	1.606515
0.164706	1.560021
0.170588	1.596962
0.176471	1.565753
0.182353	1.594732
0.188235	1.542187
0.194118	1.583268
0.200000	1.602694
0.205882	1.571485
0.211765	1.606834
0.217647	1.597280
0.223529	1.566071
0.229412	1.585816
0.235294	1.591229
0.241176	1.593459
0.247059	1.548238
0.252941	1.603968
0.258823	1.612566
0.264706	1.609700
0.270588	1.563205
0.276470	1.571803
0.282353	1.629126
0.288235	1.601420
0.294117	1.546964
0.300000	1.575943
0.305882	1.549830
0.311765	1.563842
0.317647	1.567982
0.323529	1.603968
0.329412	1.588045
0.335294	1.544416
0.341176	1.604605
0.347059	1.571167
0.352941	1.575306
0.358823	1.607789
0.364706	1.594414
0.370588	1.560976
0.376470	1.604286
0.382353	1.586134
0.388235	1.603331
0.394117	1.556518
0.400000	1.562250
0.405882	1.599828
0.411764	1.602694
0.417647	1.596962
0.423529	1.602375
0.429412	1.586771
0.435294	1.530404
0.441176	1.529449
0.447059	1.550467
0.452941	1.558747
0.458823	1.594732
0.464706	1.537410
0.470588	1.599509
0.476470	1.588682
0.482353	1.567027
0.488235	1.605560
0.494117	1.598872
0.500000	1.606515
0.505882	1.604286
0.511764	1.605560
0.517647	1.578810
0.523529	1.586452
0.529411	1.567982
0.535294	1.596643
0.541176	1.560976
0.547059	1.568619
0.552941	1.610337
0.558823	1.569893
0.564706	1.613203
0.570588	1.591548
0.576470	1.603012
0.582353	1.603012
0.588235	1.540595
0.594117	1.591866
0.600000	1.599191
0.605882	1.605878
0.611764	1.567345
0.617647	1.563524
0.623529	1.613203
0.629411	1.594414
0.635294	1.567664
0.641176	1.597280
0.647058	1.563524
0.652941	1.561931
0.658823	1.571485
0.664706	1.605878
0.670588	1.574670
0.676470	1.612566
0.682353	1.622120
0.688235	1.539002
0.694117	1.591229
0.700000	1.593459
0.705882	1.577217
0.711764	1.568619
0.717647	1.601420
0.723529	1.589956
0.729411	1.602057
0.735294	1.571485
0.741176	1.535181
0.747058	1.608744
0.752941	1.601738
0.758823	1.535818
0.764705	1.619572
0.770588	1.563842
0.776470	1.583268
0.782353	1.596643
0.788235	1.589000
0.794117	1.593459
0.800000	1.593777
0.805882	1.606197
0.811764	1.587089
0.817647	1.589956
0.823529	1.608744
0.829411	1.596006
0.835294	1.536773
0.841176	1.570848
0.847058	1.595369
0.852941	1.589319
0.858823	1.587089
0.864705	1.595369
0.870588	1.611929
0.876470	1.584542
0.882352	1.590911
0.888235	1.556836
0.894117	1.585179
0.900000	1.568619
0.905882	1.559702
0.911764	1.577217
0.917647	1.572759
0.923529	1.552378
0.929411	1.540595
0.935294	1.588682
0.941176	1.588363
0.947058	1.562250
0.952941	1.591866
0.958823	1.593140
0.964705	1.580083
0.970588	1.602057
0.976470	1.592185
0.982352	1.573396
0.988235	1.608426
0.994117	1.577854
0.999999	1.586452
1.005882	1.587408
1.011764	1.591866
1.017647	1.600465
1.023529	1.594095
1.029411	1.550467
1.035294	1.593459
1.041176	1.603331
1.047058	1.591229
1.052941	1.589000
1.058823	1.555881
1.064705	1.572759
1.070588	1.590274
1.076470	1.569256
1.082352	1.517347
1.088235	1.603331
1.094117	1.543142
1.099999	1.587726
1.105882	1.581676
1.111764	1.563842
1.117646	1.608108
1.123529	1.605241
1.129411	1.592503
1.135294	1.604286
1.141176	1.580402
1.147058	1.602694
1.152941	1.594732
1.158823	1.596962
1.164705	1.574670
1.170588	1.596006
1.176470	1.567982
1.182352	1.600146
1.188235	1.570211
1.194117	1.596643
1.199999	1.608744
1.205882	1.596643
1.211764	1.596006
1.217646	1.601101
1.223529	1.558110
1.229411	1.594414
1.235294	1.578173
1.241176	1.598235
1.247058	1.591229
1.252941	1.592503
1.258823	1.596643
1.264705	1.571167
1.270588	1.590274
1.276470	1.574670
1.282352	1.591229
1.288235	1.587408
1.294117	1.585179
1.299999	1.589637
1.305882	1.570848
1.311764	1.590592
1.317646	1.590592
1.323529	1.557791
1.329411	1.547601
1.335293	1.566390
1.341176	1.530086
1.347058	1.598872
1.352940	1.571485
1.358823	1.580402
1.364705	1.545690
1.370588	1.567982
1.376470	1.557473
1.382352	1.589956
1.388235	1.594414
1.394117	1.609700
1.399999	1.603012
1.405882	1.594095
1.411764	1.583268
1.417646	1.592503
1.423529	1.594095
1.429411	1.600783
1.435293	1.586452
1.441176	1.578173
1.447058	1.604286
1.452940	1.558110
1.458823	1.542824
1.464705	1.598235
1.470587	1.595688
1.476470	1.556518
1.482352	1.613840
1.488235	1.549511
1.494117	1.596006
1.499999	1.547601
1.505882	1.562887
1.511764	1.603012
1.517646	1.559065
1.523529	1.592185
1.529411	1.602375
1.535293	1.584860
1.541176	1.613203
1.547058	1.582631
1.552940	1.607152
1.558823	1.539321
1.564705	1.577536
1.570587	1.597598
1.576470	1.545372
1.582352	1.579446
1.588234	1.607789
1.594117	1.599509
1.599999	1.583268
1.605882	1.580402
1.611764	1.586134
1.617646	1.566390
1.623529	1.592822
1.629411	1.591866
1.635293	1.585497
1.641176	1.598872
1.647058	1.592822
1.652940	1.578491
1.658823	1.567345
1.664705	1.608426
1.670587	1.583586
1.676470	1.601101
1.682352	1.578810
1.688234	1.555881
1.694117	1.564797
1.699999	1.538365
1.705881	1.596325
1.711764	1.557154
1.717646	1.604286
1.723529	1.589000
1.729411	1.597280
1.735293	1.585816
1.741176	1.593140
1.747058	1.605878
1.752940	1.594095
1.758823	1.600146
1.764705	1.562250
1.770587	1.622757
1.776470	1.593777
1.782352	1.577854
1.788234	1.606515
1.794117	1.589319
1.799999	1.606197
1.805881	1.572122
1.811764	1.594732
1.817646	1.605878
1.823528	1.601420
1.829411	1.596643
1.835293	1.572440
1.841176	1.566071
1.847058	1.598872
1.852940	1.596006
1.858823	1.550467
1.864705	1.604286
1.870587	1.586771
1.876470	1.590911
1.882352	1.612247
1.888234	1.571485
1.894117	1.563205
1.899999	1.606834
1.905881	1.542824
1.911764	1.589956
1.917646	1.546327
1.923528	1.590592
1.929411	1.551422
1.935293	1.601738
1.941175	1.592185
1.947058	1.583586
1.952940	1.551104
1.958823	1.571167
1.964705	1.603331
1.970587	1.561613
1.976470	1.563205
1.982352	1.604923
1.988234	1.563205
1.994117	1.604286
1.999999	1.577217
2.005881	1.609700
2.011764	1.546645
2.017646	1.594414
2.023528	1.597917
2.029411	1.558428
2.035293	1.512889
2.041175	1.597280
2.047058	1.586134
2.052940	1.584860
2.058822	1.597917
2.064705	1.604286
2.070587	1.584223
2.076470	1.533589
2.082352	1.605560
2.088234	1.594732
2.094117	1.593459
2.099999	1.571167
2.105881	1.604923
2.111764	1.553651
2.117646	1.575625
2.123528	1.610018
2.129411	1.587089
2.135293	1.609063
2.141175	1.583905
2.147058	1.573714
2.152940	1.603968
2.158822	1.587408
2.164705	1.607471
2.170587	1.584542
2.176470	1.599191
2.182352	1.553970
2.188234	1.597598
2.194117	1.561294
2.199999	1.584860
2.205881	1.560657
2.211764	1.577854
2.217646	1.571485
2.223528	1.597598
2.229411	1.602694
2.235293	1.553014
2.241175	1.577536
2.247058	1.586134
2.252940	1.600465
2.258822	1.551422
2.264705	1.595369
2.270587	1.505246
2.276469	1.607471
2.282352	1.566071
2.288234	1.555881
2.294116	1.605878
2.299999	1.568619
2.305881	1.565434
2.311764	1.593459
2.317646	1.591229
2.323528	1.558110
2.329411	1.583905
2.335293	1.583586
2.341175	1.597917
2.347058	1.609381
2.352940	1.607471
2.358822	1.576899
2.364705	1.583586
2.370587	1.494737
2.376469	1.595369
2.382352	1.531359
2.388234	1.583905
2.394116	1.547601
2.399999	1.615432
2.405881	1.577854
2.411763	1.530404
2.417646	1.571167
2.423528	1.591866
2.429411	1.597917
2.435293	1.585816
2.441175	1.564160
2.447058	1.596643
2.452940	1.564479
2.458822	1.599509
2.464705	1.585816
2.470587	1.567027
2.476469	1.585816
2.482352	1.558747
2.488234	1.596643
2.494116	1.577536
2.499999	1.560976
2.505881	1.573714
2.511763	1.603968
2.517646	1.590592
2.523528	1.562568
2.529411	1.579446
2.535293	1.602375
2.541175	1.597280
2.547058	1.527856
2.552940	1.592503
2.558822	1.574351
2.564705	1.602694
2.570587	1.591548
2.576469	1.586134
2.582352	1.606197
2.588234	1.519895
2.594116	1.548238
2.599999	1.564797
2.605881	1.588045
2.611763	1.610018
2.617646	1.598235
2.623528	1.594414
2.629410	1.568300
2.635293	1.567982
2.641175	1.583905
2.647057	1.597280
2.652940	1.585816
2.658822	1.554288
2.664705	1.590911
2.670587	1.565116
2.676469	1.594095
2.682352	1.554925
2.688234	1.581039
2.694116	1.577536
2.699999	1.568937
2.705881	1.590592
2.711763	1.612247
2.717646	1.552059
2.723528	1.599509
2.729410	1.580720
2.735293	1.575625
2.741175	1.537729
2.747057	1.581357
2.752940	1.562250
2.758822	1.601101
2.764704	1.599191
2.770587	1.604286
2.776469	1.606197
2.782352	1.580402
2.788234	1.603968
2.794116	1.544416
2.799999	1.539321
2.805881	1.585179
2.811763	1.600146
2.817646	1.563842
2.823528	1.539321
2.829410	1.574033
2.835293	1.597598
2.841175	1.571803
2.847057	1.603649
2.852940	1.563842
2.858822	1.560976
2.864704	1.551741
2.870587	1.551422
2.876469	1.601420
2.882351	1.577536
2.888234	1.585497
2.894116	1.592185
2.899999	1.592185
2.905881	1.599509
2.911763	1.610974
2.917646	1.594732
2.923528	1.590274
2.929410	1.602057
2.935293	1.561613
2.941175	1.603012
2.947057	1.590274
2.952940	1.594732
2.958822	1.610655
2.964704	1.602694
2.970587	1.561931
2.976469	1.605560
2.982351	1.606515
2.988234	1.553333
2.994116	1.598554
2.999998	1.595688
3.005881	1.576262
3.011763	1.605560
3.017646	1.569256
3.023528	1.601738
3.029410	1.552059
3.035293	1.593459
3.041175	1.587726
3.047057	1.583586
3.052940	1.603649
3.058822	1.560976
3.064704	1.547919
3.070587	1.607789
3.076469	1.610655
3.082351	1.540595
3.088234	1.573077
3.094116	1.573396
3.099998	1.538047
3.105881	1.579765
3.111763	1.590911
3.117646	1.594414
3.123528	1.593777
3.129410	1.599509
3.135293	1.582313
3.141175	1.586771
3.147057	1.592822
3.152940	1.596006
3.158822	1.571803
3.164704	1.558428
3.170587	1.601738
3.176469	1.564797
3.182351	1.594732
3.188234	1.571167
3.194116	1.604286
3.199998	1.546008
3.205881	1.548875
3.211763	1.560021
3.217645	1.601420
3.223528	1.604923
3.229410	1.614795
3.235292	1.599509
3.241175	1.602375
3.247057	1.492508
3.252940	1.611292
3.258822	1.573077
3.264704	1.592503
3.270587	1.591229
3.276469	1.598554
3.282351	1.601101
3.288234	1.575306
3.294116	1.554925
3.299998	1.602057
3.305881	1.580083
3.311763	1.547601
3.317645	1.566708
3.323528	1.578810
3.329410	1.582313
3.335292	1.591866
3.341175	1.588045
3.347057	1.581994
3.352939	1.592822
3.358822	1.592185
3.364704	1.600146
3.370587	1.569256
3.376469	1.576899
3.382351	1.534226
3.388234	1.586452
3.394116	1.592503
3.399998	1.536773
3.405881	1.540913
3.411763	1.574033
3.417645	1.575306
3.423528	1.603012
3.429410	1.557473
3.435292	1.595688
3.441175	1.574988
3.447057	1.610655
3.452939	1.575943
3.458822	1.549511
3.464704	1.535499
3.470587	1.600465
3.476469	1.548875
3.482351	1.589319
3.488234	1.585816
3.494116	1.583905
3.499998	1.602694
3.505881	1.605560
3.511763	1.601420
3.517645	1.548238
3.523528	1.591229
3.529410	1.541550
3.535292	1.603012
3.541175	1.588682
3.547057	1.596006
3.552939	1.601420
3.558822	1.549830
3.564704	1.608744
3.570586	1.594095
3.576469	1.598554
3.582351	1.603012
3.588233	1.591866
3.594116	1.581357
3.599998	1.597280
3.605881	1.552696
3.611763	1.578810
3.617645	1.605878
3.623528	1.586134
3.629410	1.603012
3.635292	1.575625
3.641175	1.593459
3.647057	1.580720
3.652939	1.611929
3.658822	1.598872
3.664704	1.562887
3.670586	1.548238
3.676469	1.564479
3.682351	1.606834
3.688233	1.589956
3.694116	1.534862
3.699998	1.578491
3.705880	1.574988
3.711763	1.608108
3.717645	1.604286
3.723528	1.560976
3.729410	1.576899
3.735292	1.583586
3.741175	1.583268
3.747057	1.593459
3.752939	1.594414
3.758822	1.546645
3.764704	1.544735
3.770586	1.596643
3.776469	1.594095
3.782351	1.548556
3.788233	1.588045
3.794116	1.572122
3.799998	1.529449
3.805880	1.594414
3.811763	1.594414
3.817645	1.594095
3.823527	1.606197
3.829410	1.590911
3.835292	1.588045
3.841175	1.609381
3.847057	1.550785
3.852939	1.569256
3.858822	1.580083
3.864704	1.551741
3.870586	1.603012
3.876469	1.531678
3.882351	1.584860
3.888233	1.593140
3.894116	1.576262
3.899998	1.555881
3.905880	1.596643
3.911763	1.569574
3.917645	1.589000
3.923527	1.571167
3.929410	1.558428
3.935292	1.546327
3.941174	1.581676
3.947057	1.572122
3.952939	1.584860
3.958822	1.587726
3.964704	1.584542
3.970586	1.597917
3.976469	1.553014
3.982351	1.568619
3.988233	1.592822
3.994116	1.600146
3.999998	1.589637
4.005880	1.582631
4.011763	1.558110
4.017645	1.607789
4.023527	1.580402
4.029410	1.594095
4.035292	1.596325
4.041174	1.601101
4.047057	1.569893
4.052939	1.610337
4.058821	1.579128
4.064704	1.599509
4.070586	1.598554
4.076469	1.558747
4.082351	1.611929
4.088233	1.564479
4.094116	1.568300
4.099998	1.584542
4.105880	1.562887
4.111763	1.600465
4.117645	1.610018
4.123527	1.567345
4.129410	1.561294
4.135292	1.593459
4.141174	1.596643
4.147057	1.592822
4.152939	1.570848
4.158821	1.591866
4.164704	1.572122
4.170586	1.569893
4.176468	1.574988
4.182351	1.616387
4.188233	1.539002
4.194116	1.594732
4.199998	1.539321
4.205880	1.580083
4.211763	1.556199
4.217645	1.593459
4.223527	1.601738
4.229410	1.575625
4.235292	1.567345
4.241174	1.601420
4.247057	1.545690
4.252939	1.594095
4.258821	1.598235
4.264704	1.605241
4.270586	1.592822
4.276468	1.543461
4.282351	1.561931
4.288233	1.575943
4.294116	1.562887
4.299998	1.605878
4.305880	1.598235
4.311763	1.576899
4.317645	1.599191
4.323527	1.601420
4.329410	1.585816
4.335292	1.592185
4.341174	1.595051
4.347057	1.601420
4.352939	1.610974
4.358821	1.554925
4.364704	1.538365
4.370586	1.577536
4.376468	1.514163
4.382351	1.590274
4.388233	1.588682
4.394115	1.560657
4.399998	1.548238
4.405880	1.601101
4.411763	1.527538
4.417645	1.550785
4.423527	1.555881
4.429410	1.590911
4.435292	1.592503
4.441174	1.596325
4.447057	1.524035
4.452939	1.592822
4.458821	1.557473
4.464704	1.592503
4.470586	1.568619
4.476468	1.588363
4.482351	1.597598
4.488233	1.568300
4.494115	1.570848
4.499998	1.593140
4.505880	1.555881
4.511762	1.610018
4.517645	1.574988
4.523527	1.572440
4.529409	1.586452
4.535292	1.557473
4.541174	1.566708
4.547057	1.616069
4.552939	1.596643
4.558821	1.589000
4.564704	1.597280
4.570586	1.602375
4.576468	1.589000
4.582351	1.587089
4.588233	1.566390
4.594115	1.562568
4.599998	1.567345
4.605880	1.598554
4.611762	1.596006
4.617645	1.596962
4.623527	1.603968
4.629409	1.590274
4.635292	1.590274
4.641174	1.581994
4.647056	1.584223
4.652939	1.590274
4.658821	1.566071
4.664704	1.568937
4.670586	1.597598
4.676468	1.565434
4.682351	1.585497
4.688233	1.590274
4.694115	1.590274
4.699998	1.590592
4.705880	1.594095
4.711762	1.603331
4.717645	1.599191
4.723527	1.596325
4.729409	1.531359
4.735292	1.563524
4.741174	1.555244
4.747056	1.585816
4.752939	1.580083
4.758821	1.550467
4.764703	1.597917
4.770586	1.605241
4.776468	1.609381
4.782351	1.563524
4.788233	1.567027
4.794115	1.596325
4.799998	1.594095
4.805880	1.542824
4.811762	1.599191
4.817645	1.534862
4.823527	1.555244
4.829409	1.583586
4.835292	1.522761
4.841174	1.603649
4.847056	1.589637
4.852939	1.592503
4.858821	1.590274
4.864703	1.582313
4.870586	1.588682
4.876468	1.575625
4.882350	1.570848
4.888233	1.591866
4.894115	1.590911
4.899998	1.602694
4.905880	1.603012
4.911762	1.594414
4.917645	1.552696
4.923527	1.594095
4.929409	1.607471
4.935292	1.599191
4.941174	1.603012
4.947056	1.541868
4.952939	1.586452
4.958821	1.601101
4.964703	1.597280
4.970586	1.611611
4.976468	1.582313
4.982350	1.552378
4.988233	1.589956
4.994115	1.612247
