LabVIEW Measurement	
Writer_Version	2
Reader_Version	2
Separator	Tab
Decimal_Separator	.
Multi_Headings	Yes
X_Columns	One
Time_Pref	Absolute
Operator	labuser
Date	1904/01/01
Time	01:00:00
***End_of_Header***	
	
Channels	1	
Samples	850	
Date	2022/05/23	
Time	18:20:16.1993452499999000551	
Y_Unit_Label	Volts	
X_Dimension	Time	
X0	0.0000000000000000E+0	
Delta_X	0.005882	
***End_of_Header***		
X_Value	Voltage	Comment
0.000000	1.482635
0.005882	1.612247
0.011765	1.542505
0.017647	1.567664
0.023529	1.606515
0.029412	1.575625
0.035294	1.575625
0.041176	1.587726
0.047059	1.591548
0.052941	1.480725
0.058824	1.564479
0.064706	1.406843
0.070588	1.528493
0.076471	1.506838
0.082353	1.322770
0.088235	1.448879
0.094118	1.408435
0.100000	1.465439
0.105882	1.621801
0.111765	1.541868
0.117647	1.531678
0.123529	1.460025
0.129412	1.629126
0.135294	1.489960
0.141176	1.505883
0.147059	1.566390
0.152941	1.473719
0.158823	1.616706
0.164706	1.453974
0.170588	1.527538
0.176471	1.515437
0.182353	1.632947
0.188235	1.480406
0.194118	1.428179
0.200000	1.640272
0.205882	1.410027
0.211765	1.482635
0.217647	1.449516
0.223529	1.422766
0.229412	1.578810
0.235294	1.603012
0.241176	1.675620
0.247059	1.612566
0.252941	1.564479
0.258823	1.564797
0.264706	1.570211
0.270588	1.606834
0.276470	1.584223
0.282353	1.513844
0.288235	1.606834
0.294117	1.655558
0.300000	1.615751
0.305882	1.556199
0.311765	1.581676
0.317647	1.449516
0.323529	1.548556
0.329412	1.624349
0.335294	1.606197
0.341176	1.544098
0.347059	1.556518
0.352941	1.559702
0.358823	1.571485
0.364706	1.586452
0.370588	1.421173
0.376470	1.560021
0.382353	1.561294
0.388235	1.560021
0.394117	1.545372
0.400000	1.504291
0.405882	1.501106
0.411764	1.488686
0.417647	1.545372
0.423529	1.505883
0.429412	1.566071
0.435294	1.547282
0.441176	1.293154
0.447059	1.466076
0.452941	1.563524
0.458823	1.568300
0.464706	1.634221
0.470588	1.534862
0.476470	1.455248
0.482353	1.298886
0.488235	1.618935
0.494117	1.536773
0.500000	1.398563
0.505882	1.359393
0.511764	1.462254
0.517647	1.516073
0.523529	1.467350
0.529411	1.595369
0.535294	1.500151
0.541176	1.460344
0.547059	1.471808
0.552941	1.410346
0.558823	1.448879
0.564706	1.415123
0.570588	1.409072
0.576470	1.491552
0.582353	1.585179
0.588235	1.515118
0.594117	1.421173
0.600000	1.662245
0.605882	1.477222
0.611764	1.546645
0.617647	1.611611
0.623529	1.637087
0.629411	1.564797
0.635294	1.536455
0.641176	1.640272
0.647058	1.495374
0.652941	1.632310
0.658823	1.552696
0.664706	1.599828
0.670588	1.632629
0.676470	1.350794
0.682353	1.596325
0.688235	1.585816
0.694117	1.619254
0.700000	1.612247
0.705882	1.610974
0.711764	1.558428
0.717647	1.646959
0.723529	1.563842
0.729411	1.578491
0.735294	1.633584
0.741176	1.535818
0.747058	1.614158
0.752941	1.437096
0.758823	1.425950
0.764705	1.629126
0.770588	1.487412
0.776470	1.625941
0.782353	1.533589
0.788235	1.383277
0.794117	1.603012
0.800000	1.462573
0.805882	1.425950
0.811764	1.542187
0.817647	1.537410
0.823529	1.674028
0.829411	1.492189
0.835294	1.477540
0.841176	1.474674
0.847058	1.609381
0.852941	1.583268
0.858823	1.441236
0.864705	1.596325
0.870588	1.370857
0.876470	1.598554
0.882352	1.625304
0.888235	1.525946
0.894117	1.567345
0.900000	1.567664
0.905882	1.433912
0.911764	1.502061
0.917647	1.538684
0.923529	1.624030
0.929411	1.491234
0.935294	1.519895
0.941176	1.667659
0.947058	1.560657
0.952941	1.657787
0.958823	1.447924
0.964705	1.491871
0.970588	1.539958
0.976470	1.524353
0.982352	1.597598
0.988235	1.559065
0.994117	1.645367
0.999999	1.620846
1.005882	1.410664
1.011764	1.596643
1.017647	1.483272
1.023529	1.649825
1.029411	1.535499
1.035294	1.455567
1.041176	1.553651
1.047058	1.570530
1.052941	1.605878
1.058823	1.581039
1.064705	1.566708
1.070588	1.572440
1.076470	1.511297
1.082352	1.650144
1.088235	1.635813
1.094117	1.583268
1.099999	1.621801
1.105882	1.397289
1.111764	1.540913
1.117646	1.436459
1.123529	1.589637
1.129411	1.593140
1.135294	1.378819
1.141176	1.603331
1.147058	1.636132
1.152941	1.656513
1.158823	1.582949
1.164705	1.490597
1.170588	1.519895
1.176470	1.592503
1.182352	1.567982
1.188235	1.593459
1.194117	1.374997
1.199999	1.560657
1.205882	1.626897
1.211764	1.613840
1.217646	1.345699
1.223529	1.404295
1.229411	1.598554
1.235294	1.557791
1.241176	1.630400
1.247058	1.644730
1.252941	1.481999
1.258823	1.635813
1.264705	1.469260
1.270588	1.378819
1.276470	1.660971
1.282352	1.533589
1.288235	1.411301
1.294117	1.624667
1.299999	1.574670
1.305882	1.546964
1.311764	1.595051
1.317646	1.602694
1.323529	1.534226
1.329411	1.497285
1.335293	1.557791
1.341176	1.571167
1.347058	1.514163
1.352940	1.605878
1.358823	1.395697
1.364705	1.458114
1.370588	1.665430
1.376470	1.655876
1.382352	1.496011
1.388235	1.607789
1.394117	1.456204
1.399999	1.380729
1.405882	1.480406
1.411764	1.400474
1.417646	1.487731
1.423529	1.562250
1.429411	1.572440
1.435293	1.393149
1.441176	1.539321
1.447058	1.529449
1.452940	1.516710
1.458823	1.481999
1.464705	1.558428
1.470587	1.451745
1.476470	1.563842
1.482352	1.593140
1.488235	1.448879
1.494117	1.419263
1.499999	1.568300
1.505882	1.577536
1.511764	1.650144
1.517646	1.539639
1.523529	1.472126
1.529411	1.496966
1.535293	1.606834
1.541176	1.583268
1.547058	1.584860
1.552940	1.498240
1.558823	1.657150
1.564705	1.570530
1.570587	1.610655
1.576470	1.465120
1.582352	1.410983
1.588234	1.664793
1.594117	1.521487
1.599999	1.513844
1.605882	1.463210
1.611764	1.622757
1.617646	1.450153
1.623529	1.554288
1.629411	1.612566
1.635293	1.499195
1.641176	1.406524
1.647058	1.514163
1.652940	1.499195
1.658823	1.456522
1.664705	1.527856
1.670587	1.512889
1.676470	1.639635
1.682352	1.501106
1.688234	1.503017
1.694117	1.519895
1.699999	1.577854
1.705881	1.527538
1.711764	1.620209
1.717646	1.489323
1.723529	1.495374
1.729411	1.387735
1.735293	1.691862
1.741176	1.561294
1.747058	1.253983
1.752940	1.566708
1.758823	1.617980
1.764705	1.604286
1.770587	1.612566
1.776470	1.641864
1.782352	1.555881
1.788234	1.408435
1.794117	1.652055
1.799999	1.464165
1.805881	1.643138
1.811764	1.520213
1.817646	1.437415
1.823528	1.463847
1.829411	1.296338
1.835293	1.580083
1.841176	1.585816
1.847058	1.607789
1.852940	1.544735
1.858823	1.661927
1.864705	1.587726
1.870587	1.405250
1.876470	1.617024
1.882352	1.580720
1.888234	1.643775
1.894117	1.528175
1.899999	1.558110
1.905881	1.618298
1.911764	1.559065
1.917646	1.473719
1.923528	1.507475
1.929411	1.464802
1.935293	1.584542
1.941175	1.653010
1.947058	1.570530
1.952940	1.558747
1.958823	1.554925
1.964705	1.595051
1.970587	1.444739
1.976470	1.527856
1.982352	1.481680
1.988234	1.531678
1.994117	1.533589
1.999999	1.421810
2.005881	1.544416
2.011764	1.415123
2.017646	1.590274
2.023528	1.411938
2.029411	1.526583
2.035293	1.590274
2.041175	1.624030
2.047058	1.580720
2.052940	1.565753
2.058822	1.591548
2.064705	1.508112
2.070587	1.422129
2.076470	1.557791
2.082352	1.514800
2.088234	1.589637
2.094117	1.605878
2.099999	1.596325
2.105881	1.614477
2.111764	1.594732
2.117646	1.568619
2.123528	1.530086
2.129411	1.532315
2.135293	1.572759
2.141175	1.539639
2.147058	1.518303
2.152940	1.512889
2.158822	1.436459
2.164705	1.473082
2.170587	1.447605
2.176470	1.613840
2.182352	1.490915
2.188234	1.480406
2.194117	1.616706
2.199999	1.409709
2.205881	1.400155
2.211764	1.481999
2.217646	1.529130
2.223528	1.613203
2.229411	1.552059
2.235293	1.603012
2.241175	1.602057
2.247058	1.359074
2.252940	1.612884
2.258822	1.505883
2.264705	1.628489
2.270587	1.640272
2.276469	1.574033
2.282352	1.489642
2.288234	1.609381
2.294116	1.645685
2.299999	1.602057
2.305881	1.539002
2.311764	1.388372
2.317646	1.560021
2.323528	1.588045
2.329411	1.575306
2.335293	1.527856
2.341175	1.606834
2.347058	1.533907
2.352940	1.472445
2.358822	1.563205
2.364705	1.440599
2.370587	1.530086
2.376469	1.313853
2.382352	1.381366
2.388234	1.489960
2.394116	1.592503
2.399999	1.560339
2.405881	1.661290
2.411763	1.532633
2.417646	1.600146
2.423528	1.567027
2.429411	1.606515
2.435293	1.544735
2.441175	1.586771
2.447058	1.607789
2.452940	1.542187
2.458822	1.613840
2.464705	1.563524
2.470587	1.610018
2.476469	1.567027
2.482352	1.569256
2.488234	1.475629
2.494116	1.512889
2.499999	1.447924
2.505881	1.472445
2.511763	1.520213
2.517646	1.626578
2.523528	1.529130
2.529411	1.486457
2.535293	1.524035
2.541175	1.514481
2.547058	1.620846
2.552940	1.590274
2.558822	1.583268
2.564705	1.641864
2.570587	1.546645
2.576469	1.660971
2.582352	1.544098
2.588234	1.610655
2.594116	1.493463
2.599999	1.491871
2.605881	1.459070
2.611763	1.569256
2.617646	1.674028
2.623528	1.486775
2.629410	1.546327
2.635293	1.551104
2.641175	1.501743
2.647057	1.528812
2.652940	1.461617
2.658822	1.533270
2.664705	1.629444
2.670587	1.549511
2.676469	1.494737
2.682352	1.643456
2.688234	1.540913
2.694116	1.382003
2.699999	1.453019
2.705881	1.548238
2.711763	1.584223
2.717646	1.545053
2.723528	1.564797
2.729410	1.594095
2.735293	1.503017
2.741175	1.540276
2.747057	1.515755
2.752940	1.507157
2.758822	1.650144
2.764704	1.472763
2.770587	1.662245
2.776469	1.437415
2.782352	1.385825
2.788234	1.573077
2.794116	1.533907
2.799999	1.512570
2.805881	1.371812
2.811763	1.622438
2.817646	1.477859
2.823528	1.481680
2.829410	1.587726
2.835293	1.622120
2.841175	1.462891
2.847057	1.549511
2.852940	1.534862
2.858822	1.588682
2.864704	1.533589
2.870587	1.638679
2.876469	1.571167
2.882351	1.609700
2.888234	1.609381
2.894116	1.600465
2.899999	1.544098
2.905881	1.634858
2.911763	1.540913
2.917646	1.612566
2.923528	1.628489
2.929410	1.547282
2.935293	1.586452
2.941175	1.591229
2.947057	1.520213
2.952940	1.463847
2.958822	1.591548
2.964704	1.595688
2.970587	1.509704
2.976469	1.640272
2.982351	1.606197
2.988234	1.528493
2.994116	1.602375
2.999998	1.506201
3.005881	1.367991
3.011763	1.455248
3.017646	1.485183
3.023528	1.600783
3.029410	1.535499
3.035293	1.619572
3.041175	1.539321
3.047057	1.612247
3.052940	1.616387
3.058822	1.350476
3.064704	1.535181
3.070587	1.628170
3.076469	1.590274
3.082351	1.563524
3.088234	1.465120
3.094116	1.591548
3.099998	1.578173
3.105881	1.406206
3.111763	1.453019
3.117646	1.410664
3.123528	1.592185
3.129410	1.502698
3.135293	1.602057
3.141175	1.592503
3.147057	1.499832
3.152940	1.641864
3.158822	1.614795
3.164704	1.620209
3.170587	1.550785
3.176469	1.581676
3.182351	1.464483
3.188234	1.560339
3.194116	1.395378
3.199998	1.439007
3.205881	1.636132
3.211763	1.562887
3.217645	1.557473
3.223528	1.456204
3.229410	1.425632
3.235292	1.544416
3.241175	1.557154
3.247057	1.619572
3.252940	1.647278
3.258822	1.542187
3.264704	1.550148
3.270587	1.624030
3.276469	1.477222
3.282351	1.675302
3.288234	1.502061
3.294116	1.303344
3.299998	1.498877
3.305881	1.458433
3.311763	1.605241
3.317645	1.439007
3.323528	1.649825
3.329410	1.658105
3.335292	1.502380
3.341175	1.624030
3.347057	1.504609
3.352939	1.567345
3.358822	1.594414
3.364704	1.605560
3.370587	1.675939
3.376469	1.646004
3.382351	1.385506
3.388234	1.592503
3.394116	1.449516
3.399998	1.509067
3.405881	1.625941
3.411763	1.595051
3.417645	1.535818
3.423528	1.596006
3.429410	1.415441
3.435292	1.635176
3.441175	1.514163
3.447057	1.583905
3.452939	1.469260
3.458822	1.550467
3.464704	1.615751
3.470587	1.526901
3.476469	1.606834
3.482351	1.560976
3.488234	1.572759
3.494116	1.638361
3.499998	1.562250
3.505881	1.535181
3.511763	1.576262
3.517645	1.542505
3.523528	1.515755
3.529410	1.597598
3.535292	1.608108
3.541175	1.612566
3.547057	1.400474
3.552939	1.560976
3.558822	1.513526
3.564704	1.496966
3.570586	1.618935
3.576469	1.481999
3.582351	1.568937
3.588233	1.553333
3.594116	1.579446
3.599998	1.332961
3.605881	1.591866
3.611763	1.431045
3.617645	1.497603
3.623528	1.445058
3.629410	1.361940
3.635292	1.462254
3.641175	1.620209
3.647057	1.639953
3.652939	1.549511
3.658822	1.627852
3.664704	1.639316
3.670586	1.561613
3.676469	1.540595
3.682351	1.505564
3.688233	1.499832
3.694116	1.549830
3.699998	1.560021
3.705880	1.646959
3.711763	1.655876
3.717645	1.510660
3.723528	1.571485
3.729410	1.546964
3.735292	1.372131
3.741175	1.637406
3.747057	1.553014
3.752939	1.343470
3.758822	1.564160
3.764704	1.527538
3.770586	1.483272
3.776469	1.453337
3.782351	1.333598
3.788233	1.596643
3.794116	1.599509
3.799998	1.504927
3.805880	1.544416
3.811763	1.536773
3.817645	1.549830
3.823527	1.529130
3.829410	1.478814
3.835292	1.510341
3.841175	1.507794
3.847057	1.611292
3.852939	1.628489
3.858822	1.596643
3.864704	1.667977
3.870586	1.545053
3.876469	1.523080
3.882351	1.525627
3.888233	1.548556
3.894116	1.636450
3.899998	1.493145
3.905880	1.414486
3.911763	1.618935
3.917645	1.476585
3.923527	1.525309
3.929410	1.637406
3.935292	1.600146
3.941174	1.643456
3.947057	1.572122
3.952939	1.611611
3.958822	1.568619
3.964704	1.644730
3.970586	1.584223
3.976469	1.555244
3.982351	1.578173
3.988233	1.398563
3.994116	1.660653
3.999998	1.519895
4.005880	1.476903
4.011763	1.406206
4.017645	1.535818
4.023527	1.566071
4.029410	1.564797
4.035292	1.485502
4.041174	1.495055
4.047057	1.589637
4.052939	1.659061
4.058821	1.408117
4.064704	1.325318
4.070586	1.528175
4.076469	1.553014
4.082351	1.620846
4.088233	1.659379
4.094116	1.604286
4.099998	1.564797
4.105880	1.575306
4.111763	1.657468
4.117645	1.454930
4.123527	1.557473
4.129410	1.554288
4.135292	1.625304
4.141174	1.545053
4.147057	1.469897
4.152939	1.529130
4.158821	1.596325
4.164704	1.419581
4.170586	1.602057
4.176468	1.580402
4.182351	1.581676
4.188233	1.517666
4.194116	1.626897
4.199998	1.647915
4.205880	1.327865
4.211763	1.592503
4.217645	1.561613
4.223527	1.386143
4.229410	1.473400
4.235292	1.613840
4.241174	1.487412
4.247057	1.607789
4.252939	1.486457
4.258821	1.489642
4.264704	1.631036
4.270586	1.532633
4.276468	1.536773
4.282351	1.462891
4.288233	1.604923
4.294116	1.581357
4.299998	1.498877
4.305880	1.608426
4.311763	1.448879
4.317645	1.590911
4.323527	1.535818
4.329410	1.550148
4.335292	1.590274
4.341174	1.663519
4.347057	1.443147
4.352939	1.582631
4.358821	1.612884
4.364704	1.528812
4.370586	1.596643
4.376468	1.610337
4.382351	1.641227
4.388233	1.528812
4.394115	1.506520
4.399998	1.489642
4.405880	1.655876
4.411763	1.469260
4.417645	1.521487
4.423527	1.544098
4.429410	1.416396
4.435292	1.524035
4.441174	1.577854
4.447057	1.401747
4.452939	1.570848
4.458821	1.417033
4.464704	1.592185
4.470586	1.499195
4.476468	1.530404
4.482351	1.655239
4.488233	1.410346
4.494115	1.437096
4.499998	1.433275
4.505880	1.512570
4.511762	1.531041
4.517645	1.558747
4.523527	1.625304
4.529409	1.572759
4.535292	1.470216
4.541174	1.629763
4.547057	1.469260
4.552939	1.442828
4.558821	1.540595
4.564704	1.475629
4.570586	1.621483
4.576468	1.517984
4.582351	1.634539
4.588233	1.466713
4.594115	1.623393
4.599998	1.524672
4.605880	1.406206
4.611762	1.398563
4.617645	1.530722
4.623527	1.584542
4.629409	1.513844
4.635292	1.609381
4.641174	1.585816
4.647056	1.593777
4.652939	1.651099
4.658821	1.665748
4.664704	1.648552
4.670586	1.528493
4.676468	1.465439
4.682351	1.429453
4.688233	1.467986
4.694115	1.484865
4.699998	1.623393
4.705880	1.496329
4.711762	1.596962
4.717645	1.581994
4.723527	1.534862
4.729409	1.547282
4.735292	1.532952
4.741174	1.526264
4.747056	1.567664
4.752939	1.591548
4.758821	1.639953
4.764703	1.500469
4.770586	1.618935
4.776468	1.490278
4.782351	1.568937
4.788233	1.484865
4.794115	1.484546
4.799998	1.591229
4.805880	1.563205
4.811762	1.427224
4.817645	1.440281
4.823527	1.382322
4.829409	1.527219
4.835292	1.517984
4.841174	1.464483
4.847056	1.538365
4.852939	1.490278
4.858821	1.576262
4.864703	1.551422
4.870586	1.424676
4.876468	1.571167
4.882350	1.438688
4.888233	1.630081
4.894115	1.471171
4.899998	1.524990
4.905880	1.508749
4.911762	1.512570
4.917645	1.665748
4.923527	1.523398
4.929409	1.624030
4.935292	1.624667
4.941174	1.581357
4.947056	1.595688
4.952939	1.484228
4.958821	1.463528
4.964703	1.580402
4.970586	1.514800
4.976468	1.575306
4.982350	1.575625
4.988233	1.566708
4.994115	1.508431

