LabVIEW Measurement	
Writer_Version	2
Reader_Version	2
Separator	Tab
Decimal_Separator	.
Multi_Headings	Yes
X_Columns	One
Time_Pref	Absolute
Operator	labuser
Date	1904/01/01
Time	01:00:00
***End_of_Header***	
	
Channels	1	
Samples	850	
Date	2022/05/23	
Time	18:19:19.17888354999991065	
Y_Unit_Label	Volts	
X_Dimension	Time	
X0	0.0000000000000000E+0	
Delta_X	0.005882	
***End_of_Header***		
X_Value	Voltage	Comment
0.000000	1.631355
0.005882	1.643775
0.011765	1.658742
0.017647	1.633903
0.023529	1.699505
0.029412	1.661290
0.035294	1.674665
0.041176	1.650144
0.047059	1.628489
0.052941	1.677213
0.058824	1.598235
0.064706	1.640590
0.070588	1.659061
0.076471	1.470216
0.082353	1.645685
0.088235	1.666067
0.094118	1.655876
0.100000	1.631036
0.105882	1.646004
0.111765	1.677213
0.117647	1.660653
0.123529	1.677213
0.129412	1.559702
0.135294	1.648233
0.141176	1.649507
0.147059	1.681353
0.152941	1.653965
0.158823	1.690269
0.164706	1.649825
0.170588	1.619572
0.176471	1.601101
0.182353	1.671480
0.188235	1.530086
0.194118	1.648233
0.200000	1.562887
0.205882	1.525309
0.211765	1.676894
0.217647	1.618935
0.223529	1.572440
0.229412	1.655876
0.235294	1.585179
0.241176	1.638361
0.247059	1.674028
0.252941	1.628170
0.258823	1.664156
0.264706	1.652373
0.270588	1.659379
0.276470	1.651099
0.282353	1.609381
0.288235	1.623393
0.294117	1.511297
0.300000	1.582949
0.305882	1.650144
0.311765	1.618298
0.317647	1.643138
0.323529	1.673391
0.329412	1.539321
0.335294	1.659061
0.341176	1.665430
0.347059	1.589637
0.352941	1.676257
0.358823	1.654602
0.364706	1.641227
0.370588	1.671480
0.376470	1.663838
0.382353	1.642501
0.388235	1.670525
0.394117	1.654602
0.400000	1.650462
0.405882	1.651099
0.411764	1.660653
0.417647	1.661608
0.423529	1.648870
0.429412	1.694409
0.435294	1.658105
0.441176	1.660334
0.447059	1.662882
0.452941	1.660334
0.458823	1.633903
0.464706	1.649507
0.470588	1.669570
0.476470	1.655239
0.482353	1.644730
0.488235	1.660653
0.494117	1.647278
0.500000	1.662882
0.505882	1.637724
0.511764	1.613521
0.517647	1.673710
0.523529	1.561931
0.529411	1.616069
0.535294	1.593459
0.541176	1.604286
0.547059	1.593459
0.552941	1.596325
0.558823	1.663519
0.564706	1.643456
0.570588	1.652055
0.576470	1.632629
0.582353	1.672117
0.588235	1.668296
0.594117	1.668296
0.600000	1.673073
0.605882	1.638361
0.611764	1.693136
0.617647	1.631673
0.623529	1.635176
0.629411	1.655558
0.635294	1.645049
0.641176	1.643456
0.647058	1.534544
0.652941	1.638998
0.658823	1.636450
0.664706	1.560657
0.670588	1.570211
0.676470	1.520850
0.682353	1.674028
0.688235	1.511615
0.694117	1.613203
0.700000	1.662245
0.705882	1.602057
0.711764	1.665111
0.717647	1.657468
0.723529	1.670525
0.729411	1.662245
0.735294	1.661608
0.741176	1.648233
0.747058	1.676894
0.752941	1.632947
0.758823	1.679760
0.764705	1.631673
0.770588	1.651099
0.776470	1.613203
0.782353	1.608108
0.788235	1.668933
0.794117	1.553333
0.800000	1.677850
0.805882	1.593459
0.811764	1.625623
0.817647	1.684219
0.823529	1.640909
0.829411	1.640590
0.835294	1.676257
0.841176	1.652692
0.847058	1.675302
0.852941	1.603649
0.858823	1.616706
0.864705	1.647596
0.870588	1.647596
0.876470	1.667022
0.882352	1.668933
0.888235	1.638679
0.894117	1.641227
0.900000	1.649507
0.905882	1.680079
0.911764	1.565434
0.917647	1.665430
0.923529	1.643138
0.929411	1.630718
0.935294	1.619254
0.941176	1.647915
0.947058	1.669251
0.952941	1.625623
0.958823	1.596643
0.964705	1.651099
0.970588	1.632947
0.976470	1.494737
0.982352	1.597280
0.988235	1.547919
0.994117	1.665111
0.999999	1.640909
1.005882	1.633584
1.011764	1.597280
1.017647	1.547601
1.023529	1.684219
1.029411	1.630081
1.035294	1.656513
1.041176	1.632629
1.047058	1.658742
1.052941	1.685174
1.058823	1.636450
1.064705	1.666704
1.070588	1.638679
1.076470	1.605241
1.082352	1.650462
1.088235	1.645049
1.094117	1.684856
1.099999	1.575625
1.105882	1.647278
1.111764	1.550148
1.117646	1.601101
1.123529	1.657150
1.129411	1.670525
1.135294	1.663838
1.141176	1.670207
1.147058	1.656513
1.152941	1.633903
1.158823	1.578173
1.164705	1.661608
1.170588	1.580083
1.176470	1.639953
1.182352	1.638679
1.188235	1.657787
1.194117	1.491234
1.199999	1.630400
1.205882	1.657468
1.211764	1.695683
1.217646	1.614795
1.223529	1.547919
1.229411	1.646004
1.235294	1.680079
1.241176	1.637406
1.247058	1.639953
1.252941	1.676894
1.258823	1.664474
1.264705	1.668296
1.270588	1.637406
1.276470	1.665430
1.282352	1.633903
1.288235	1.638679
1.294117	1.674984
1.299999	1.649189
1.305882	1.564479
1.311764	1.629126
1.317646	1.593140
1.323529	1.648233
1.329411	1.579765
1.335293	1.640909
1.341176	1.677850
1.347058	1.605878
1.352940	1.656195
1.358823	1.675939
1.364705	1.655239
1.370588	1.642182
1.376470	1.642819
1.382352	1.698549
1.388235	1.658105
1.394117	1.667341
1.399999	1.595369
1.405882	1.629126
1.411764	1.681990
1.417646	1.606834
1.423529	1.648870
1.429411	1.651736
1.435293	1.650144
1.441176	1.656831
1.447058	1.603968
1.452940	1.659698
1.458823	1.623075
1.464705	1.640909
1.470587	1.668614
1.476470	1.651418
1.482352	1.674347
1.488235	1.636769
1.494117	1.610974
1.499999	1.654284
1.505882	1.626260
1.511764	1.666385
1.517646	1.641227
1.523529	1.637406
1.529411	1.639953
1.535293	1.644412
1.541176	1.670525
1.547058	1.643456
1.552940	1.607471
1.558823	1.648870
1.564705	1.667659
1.570587	1.682626
1.576470	1.585816
1.582352	1.644093
1.588234	1.603012
1.594117	1.677531
1.599999	1.651418
1.605882	1.570848
1.611764	1.632310
1.617646	1.645049
1.623529	1.632947
1.629411	1.636132
1.635293	1.635176
1.641176	1.646004
1.647058	1.632310
1.652940	1.689633
1.658823	1.674665
1.664705	1.632947
1.670587	1.681990
1.676470	1.604605
1.682352	1.671799
1.688234	1.671799
1.694117	1.643775
1.699999	1.623075
1.705881	1.666704
1.711764	1.654921
1.717646	1.537729
1.723529	1.627852
1.729411	1.668933
1.735293	1.639953
1.741176	1.633584
1.747058	1.659061
1.752940	1.647596
1.758823	1.566708
1.764705	1.631673
1.770587	1.624986
1.776470	1.667659
1.782352	1.647915
1.788234	1.639953
1.794117	1.670207
1.799999	1.656195
1.805881	1.658424
1.811764	1.636769
1.817646	1.658742
1.823528	1.571167
1.829411	1.564479
1.835293	1.667341
1.841176	1.653965
1.847058	1.685493
1.852940	1.664156
1.858823	1.649825
1.864705	1.652692
1.870587	1.653010
1.876470	1.647915
1.882352	1.683263
1.888234	1.558110
1.894117	1.677531
1.899999	1.603649
1.905881	1.633266
1.911764	1.648233
1.917646	1.589000
1.923528	1.547919
1.929411	1.664156
1.935293	1.579128
1.941175	1.567664
1.947058	1.660971
1.952940	1.672117
1.958823	1.646959
1.964705	1.550467
1.970587	1.646004
1.976470	1.617980
1.982352	1.621164
1.988234	1.666067
1.994117	1.583268
1.999999	1.645367
2.005881	1.572759
2.011764	1.638361
2.017646	1.668614
2.023528	1.679123
2.029411	1.576580
2.035293	1.576899
2.041175	1.663519
2.047058	1.667341
2.052940	1.611292
2.058822	1.637406
2.064705	1.655558
2.070587	1.512889
2.076470	1.646004
2.082352	1.653965
2.088234	1.614477
2.094117	1.693772
2.099999	1.678168
2.105881	1.650144
2.111764	1.658105
2.117646	1.599509
2.123528	1.685811
2.129411	1.640272
2.135293	1.661927
2.141175	1.636132
2.147058	1.641227
2.152940	1.664474
2.158822	1.679442
2.164705	1.654284
2.170587	1.672117
2.176470	1.655876
2.182352	1.656513
2.188234	1.634221
2.194117	1.581039
2.199999	1.647278
2.205881	1.662564
2.211764	1.666704
2.217646	1.611929
2.223528	1.653965
2.229411	1.671480
2.235293	1.638679
2.241175	1.659379
2.247058	1.640590
2.252940	1.636132
2.258822	1.662882
2.264705	1.541232
2.270587	1.653965
2.276469	1.589637
2.282352	1.680716
2.288234	1.664474
2.294116	1.595051
2.299999	1.675939
2.305881	1.630400
2.311764	1.599828
2.317646	1.664156
2.323528	1.660334
2.329411	1.636769
2.335293	1.628170
2.341175	1.646004
2.347058	1.646641
2.352940	1.620527
2.358822	1.670525
2.364705	1.690588
2.370587	1.626260
2.376469	1.671480
2.382352	1.669251
2.388234	1.508749
2.394116	1.668933
2.399999	1.591548
2.405881	1.554288
2.411763	1.654284
2.417646	1.661608
2.423528	1.572759
2.429411	1.695046
2.435293	1.648233
2.441175	1.660016
2.447058	1.661608
2.452940	1.587408
2.458822	1.650462
2.464705	1.616069
2.470587	1.647278
2.476469	1.656195
2.482352	1.690906
2.488234	1.606197
2.494116	1.672754
2.499999	1.654284
2.505881	1.619254
2.511763	1.666385
2.517646	1.610337
2.523528	1.686448
2.529411	1.644412
2.535293	1.610655
2.541175	1.575625
2.547058	1.600783
2.552940	1.677850
2.558822	1.688359
2.564705	1.554925
2.570587	1.674984
2.576469	1.639953
2.582352	1.587089
2.588234	1.652692
2.594116	1.669251
2.599999	1.672436
2.605881	1.677213
2.611763	1.669570
2.617646	1.643138
2.623528	1.635495
2.629410	1.653965
2.635293	1.662882
2.641175	1.619890
2.647057	1.659698
2.652940	1.535818
2.658822	1.606197
2.664705	1.646004
2.670587	1.655239
2.676469	1.572122
2.682352	1.663519
2.688234	1.553970
2.694116	1.636132
2.699999	1.687722
2.705881	1.660334
2.711763	1.640909
2.717646	1.632629
2.723528	1.626897
2.729410	1.627852
2.735293	1.671480
2.741175	1.640590
2.747057	1.667022
2.752940	1.639953
2.758822	1.667977
2.764704	1.638679
2.770587	1.553333
2.776469	1.666067
2.782352	1.661927
2.788234	1.668614
2.794116	1.617343
2.799999	1.635176
2.805881	1.659061
2.811763	1.548556
2.817646	1.644730
2.823528	1.624030
2.829410	1.645685
2.835293	1.632947
2.841175	1.626578
2.847057	1.679442
2.852940	1.613203
2.858822	1.633903
2.864704	1.667659
2.870587	1.622757
2.876469	1.670525
2.882351	1.669570
2.888234	1.680079
2.894116	1.654284
2.899999	1.616387
2.905881	1.674665
2.911763	1.660016
2.917646	1.669570
2.923528	1.664793
2.929410	1.646322
2.935293	1.592185
2.941175	1.624667
2.947057	1.615114
2.952940	1.643456
2.958822	1.548556
2.964704	1.644730
2.970587	1.597917
2.976469	1.631673
2.982351	1.649507
2.988234	1.643138
2.994116	1.664156
2.999998	1.589319
3.005881	1.636450
3.011763	1.615751
3.017646	1.645049
3.023528	1.659698
3.029410	1.647596
3.035293	1.668614
3.041175	1.646322
3.047057	1.661927
3.052940	1.619890
3.058822	1.638361
3.064704	1.668614
3.070587	1.559702
3.076469	1.583268
3.082351	1.674347
3.088234	1.615751
3.094116	1.603012
3.099998	1.586771
3.105881	1.641864
3.111763	1.646322
3.117646	1.572122
3.123528	1.598554
3.129410	1.658105
3.135293	1.633584
3.141175	1.670844
3.147057	1.642501
3.152940	1.667659
3.158822	1.639635
3.164704	1.642182
3.170587	1.650462
3.176469	1.541232
3.182351	1.649507
3.188234	1.662245
3.194116	1.607789
3.199998	1.643775
3.205881	1.659061
3.211763	1.619254
3.217645	1.670525
3.223528	1.647915
3.229410	1.655558
3.235292	1.649825
3.241175	1.627215
3.247057	1.620527
3.252940	1.579765
3.258822	1.670207
3.264704	1.637087
3.270587	1.643138
3.276469	1.620846
3.282351	1.616387
3.288234	1.671799
3.294116	1.631355
3.299998	1.646959
3.305881	1.676576
3.311763	1.674984
3.317645	1.675302
3.323528	1.582313
3.329410	1.632947
3.335292	1.590592
3.341175	1.653965
3.347057	1.570848
3.352939	1.654284
3.358822	1.675302
3.364704	1.688996
3.370587	1.642819
3.376469	1.666704
3.382351	1.581994
3.388234	1.657787
3.394116	1.644093
3.399998	1.666385
3.405881	1.617980
3.411763	1.662882
3.417645	1.649507
3.423528	1.571485
3.429410	1.598872
3.435292	1.672436
3.441175	1.624667
3.447057	1.636769
3.452939	1.661927
3.458822	1.667341
3.464704	1.641227
3.470587	1.621164
3.476469	1.671799
3.482351	1.651099
3.488234	1.660334
3.494116	1.718931
3.499998	1.660016
3.505881	1.678168
3.511763	1.581676
3.517645	1.664156
3.523528	1.597598
3.529410	1.450790
3.535292	1.622120
3.541175	1.650144
3.547057	1.611929
3.552939	1.700142
3.558822	1.656513
3.564704	1.650144
3.570586	1.589956
3.576469	1.632947
3.582351	1.667022
3.588233	1.675620
3.594116	1.658105
3.599998	1.662245
3.605881	1.635813
3.611763	1.676894
3.617645	1.632947
3.623528	1.638361
3.629410	1.661290
3.635292	1.647915
3.641175	1.680079
3.647057	1.684219
3.652939	1.633584
3.658822	1.666067
3.664704	1.641864
3.670586	1.674984
3.676469	1.614477
3.682351	1.630718
3.688233	1.651736
3.694116	1.566708
3.699998	1.626578
3.705880	1.682308
3.711763	1.642819
3.717645	1.648870
3.723528	1.629763
3.729410	1.623712
3.735292	1.630081
3.741175	1.525946
3.747057	1.671480
3.752939	1.574988
3.758822	1.663519
3.764704	1.668296
3.770586	1.553970
3.776469	1.664793
3.782351	1.634539
3.788233	1.654284
3.794116	1.662882
3.799998	1.586134
3.805880	1.699823
3.811763	1.664474
3.817645	1.597917
3.823527	1.643775
3.829410	1.629444
3.835292	1.632947
3.841175	1.680716
3.847057	1.633266
3.852939	1.601738
3.858822	1.656513
3.864704	1.658424
3.870586	1.657787
3.876469	1.675620
3.882351	1.640909
3.888233	1.608744
3.894116	1.665430
3.899998	1.632947
3.905880	1.688677
3.911763	1.680716
3.917645	1.676257
3.923527	1.652055
3.929410	1.659698
3.935292	1.639316
3.941174	1.672117
3.947057	1.663838
3.952939	1.614795
3.958822	1.665111
3.964704	1.671480
3.970586	1.596643
3.976469	1.603649
3.982351	1.628489
3.988233	1.645685
3.994116	1.614795
3.999998	1.657468
4.005880	1.630081
4.011763	1.649189
4.017645	1.558428
4.023527	1.630718
4.029410	1.663838
4.035292	1.590274
4.041174	1.660653
4.047057	1.687085
4.052939	1.642182
4.058821	1.627852
4.064704	1.572759
4.070586	1.660653
4.076469	1.656195
4.082351	1.644412
4.088233	1.625304
4.094116	1.661608
4.099998	1.629126
4.105880	1.624030
4.111763	1.633584
4.117645	1.698868
4.123527	1.594414
4.129410	1.660334
4.135292	1.668933
4.141174	1.651736
4.147057	1.630718
4.152939	1.560021
4.158821	1.647596
4.164704	1.625623
4.170586	1.632310
4.176468	1.662882
4.182351	1.667977
4.188233	1.648552
4.194116	1.642819
4.199998	1.619890
4.205880	1.577854
4.211763	1.661927
4.217645	1.610018
4.223527	1.657468
4.229410	1.638679
4.235292	1.657787
4.241174	1.622120
4.247057	1.665111
4.252939	1.550785
4.258821	1.590911
4.264704	1.655558
4.270586	1.666704
4.276468	1.652692
4.282351	1.662245
4.288233	1.637724
4.294116	1.635176
4.299998	1.652373
4.305880	1.637406
4.311763	1.690906
4.317645	1.645367
4.323527	1.690906
4.329410	1.671480
4.335292	1.685493
4.341174	1.672436
4.347057	1.659379
4.352939	1.687722
4.358821	1.492189
4.364704	1.526901
4.370586	1.660971
4.376468	1.660653
4.382351	1.664156
4.388233	1.624986
4.394115	1.638998
4.399998	1.666067
4.405880	1.579765
4.411763	1.671480
4.417645	1.625941
4.423527	1.652692
4.429410	1.677531
4.435292	1.625623
4.441174	1.661608
4.447057	1.590274
4.452939	1.621801
4.458821	1.589000
4.464704	1.656195
4.470586	1.547601
4.476468	1.612566
4.482351	1.617024
4.488233	1.653965
4.494115	1.659698
4.499998	1.593140
4.505880	1.656195
4.511762	1.597917
4.517645	1.661608
4.523527	1.605878
4.529409	1.653965
4.535292	1.599191
4.541174	1.525309
4.547057	1.676894
4.552939	1.499514
4.558821	1.639635
4.564704	1.670525
4.570586	1.637406
4.576468	1.648870
4.582351	1.653328
4.588233	1.658742
4.594115	1.681990
4.599998	1.659698
4.605880	1.679442
4.611762	1.617980
4.617645	1.655239
4.623527	1.666067
4.629409	1.653965
4.635292	1.667977
4.641174	1.647915
4.647056	1.663519
4.652939	1.634858
4.658821	1.625304
4.664704	1.606197
4.670586	1.567982
4.676468	1.631036
4.682351	1.645049
4.688233	1.639953
4.694115	1.659698
4.699998	1.672436
4.705880	1.630400
4.711762	1.626897
4.717645	1.638043
4.723527	1.654284
4.729409	1.679442
4.735292	1.585816
4.741174	1.646959
4.747056	1.660971
4.752939	1.644730
4.758821	1.670525
4.764703	1.652692
4.770586	1.602694
4.776468	1.657787
4.782351	1.630081
4.788233	1.661290
4.794115	1.648233
4.799998	1.649825
4.805880	1.674028
4.811762	1.640590
4.817645	1.670844
4.823527	1.650781
4.829409	1.665111
4.835292	1.585497
4.841174	1.643775
4.847056	1.653328
4.852939	1.641227
4.858821	1.682626
4.864703	1.549830
4.870586	1.643138
4.876468	1.641227
4.882350	1.673073
4.888233	1.634858
4.894115	1.610337
4.899998	1.671799
4.905880	1.603012
4.911762	1.638679
4.917645	1.677850
4.923527	1.661290
4.929409	1.615114
4.935292	1.662245
4.941174	1.649507
4.947056	1.638679
4.952939	1.668296
4.958821	1.600146
4.964703	1.631036
4.970586	1.625623
4.976468	1.671162
4.982350	1.646641
4.988233	1.635495
4.994115	1.672754

