0.000000	1.482317
0.005882	1.527219
0.011765	1.531678
0.017647	1.533907
0.023529	1.467986
0.029412	1.522124
0.035294	1.444421
0.041176	1.502380
0.047059	1.548238
0.052941	1.498558
0.058824	1.445376
0.064706	1.448561
0.070588	1.563524
0.076471	1.501424
0.082353	1.489642
0.088235	1.469897
0.094118	1.496648
0.100000	1.552059
0.105882	1.525946
0.111765	1.502380
0.117647	1.518621
0.123529	1.464483
0.129412	1.480406
0.135294	1.536136
0.141176	1.555562
0.147059	1.527219
0.152941	1.537729
0.158823	1.504609
0.164706	1.493781
0.170588	1.531678
0.176471	1.510660
0.182353	1.518621
0.188235	1.540913
0.194118	1.500151
0.200000	1.486139
0.205882	1.503017
0.211765	1.506201
0.217647	1.489960
0.223529	1.515437
0.229412	1.478177
0.235294	1.473719
0.241176	1.481362
0.247059	1.525946
0.252941	1.523080
0.258823	1.489960
0.264706	1.505883
0.270588	1.465120
0.276470	1.417989
0.282353	1.446013
0.288235	1.487731
0.294117	1.442191
0.300000	1.462891
0.305882	1.500788
0.311765	1.516392
0.317647	1.470534
0.323529	1.521169
0.329412	1.528812
0.335294	1.566390
0.341176	1.569256
0.347059	1.468942
0.352941	1.523080
0.358823	1.541868
0.364706	1.491552
0.370588	1.469260
0.376470	1.458433
0.382353	1.481999
0.388235	1.561613
0.394117	1.512889
0.400000	1.462573
0.405882	1.503972
0.411764	1.529767
0.417647	1.518621
0.423529	1.488368
0.429412	1.491871
0.435294	1.567664
0.441176	1.480725
0.447059	1.543142
0.452941	1.498558
0.458823	1.531359
0.464706	1.470534
0.470588	1.494100
0.476470	1.484546
0.482353	1.519577
0.488235	1.526583
0.494117	1.505246
0.500000	1.513207
0.505882	1.462254
0.511764	1.538684
0.517647	1.462254
0.523529	1.460025
0.529411	1.511615
0.535294	1.524672
0.541176	1.541550
0.547059	1.583268
0.552941	1.541868
0.558823	1.556518
0.564706	1.528493
0.570588	1.482954
0.576470	1.497603
0.582353	1.469579
0.588235	1.488049
0.594117	1.568300
0.600000	1.503654
0.605882	1.508112
0.611764	1.482954
0.617647	1.491871
0.623529	1.471808
0.629411	1.571485
0.635294	1.487731
0.641176	1.516392
0.647058	1.488049
0.652941	1.492508
0.658823	1.549511
0.664706	1.478496
0.670588	1.513526
0.676470	1.460662
0.682353	1.539002
0.688235	1.517984
0.694117	1.559384
0.700000	1.539002
0.705882	1.482954
0.711764	1.517029
0.717647	1.494100
0.723529	1.441555
0.729411	1.503654
0.735294	1.510341
0.741176	1.489642
0.747058	1.578491
0.752941	1.453656
0.758823	1.446331
0.764705	1.542505
0.770588	1.525946
0.776470	1.515118
0.782353	1.488368
0.788235	1.527856
0.794117	1.556836
0.800000	1.514481
0.805882	1.500151
0.811764	1.513526
0.817647	1.503972
0.823529	1.499832
0.829411	1.535818
0.835294	1.499195
0.841176	1.512570
0.847058	1.496966
0.852941	1.512889
0.858823	1.520532
0.864705	1.529767
0.870588	1.494418
0.876470	1.519258
0.882352	1.551104
0.888235	1.502698
0.894117	1.517984
0.900000	1.503335
0.905882	1.440918
0.911764	1.500788
0.917647	1.509386
0.923529	1.511615
0.929411	1.473400
0.935294	1.483272
0.941176	1.544416
0.947058	1.514800
0.952941	1.494100
0.958823	1.520213
0.964705	1.504291
0.970588	1.491871
0.976470	1.509704
0.982352	1.506520
0.988235	1.509067
0.994117	1.512570
0.999999	1.526901
1.005882	1.524990
1.011764	1.538047
1.017647	1.493781
1.023529	1.529767
1.029411	1.472445
1.035294	1.532315
1.041176	1.520532
1.047058	1.496966
1.052941	1.489005
1.058823	1.516710
1.064705	1.483272
1.070588	1.472445
1.076470	1.509067
1.082352	1.471171
1.088235	1.489960
1.094117	1.537092
1.099999	1.505564
1.105882	1.485502
1.111764	1.522761
1.117646	1.494418
1.123529	1.522761
1.129411	1.470853
1.135294	1.501106
1.141176	1.491234
1.147058	1.508749
1.152941	1.488049
1.158823	1.503654
1.164705	1.515437
1.170588	1.554607
1.176470	1.503335
1.182352	1.509704
1.188235	1.526583
1.194117	1.519895
1.199999	1.481999
1.205882	1.570211
1.211764	1.554925
1.217646	1.438688
1.223529	1.491552
1.229411	1.536455
1.235294	1.508112
1.241176	1.495055
1.247058	1.524035
1.252941	1.504291
1.258823	1.515118
1.264705	1.554607
1.270588	1.549193
1.276470	1.463210
1.282352	1.522443
1.288235	1.527856
1.294117	1.482954
1.299999	1.541868
1.305882	1.430090
1.311764	1.525627
1.317646	1.480725
1.323529	1.482954
1.329411	1.586771
1.335293	1.462254
1.341176	1.489642
1.347058	1.567027
1.352940	1.541868
1.358823	1.484546
1.364705	1.482635
1.370588	1.552696
1.376470	1.487094
1.382352	1.497603
1.388235	1.514481
1.394117	1.498558
1.399999	1.496648
1.405882	1.503654
1.411764	1.546964
1.417646	1.509067
1.423529	1.542187
1.429411	1.490915
1.435293	1.520213
1.441176	1.546645
1.447058	1.477859
1.452940	1.571485
1.458823	1.551741
1.464705	1.489642
1.470587	1.505564
1.476470	1.519258
1.482352	1.527538
1.488235	1.528812
1.494117	1.486457
1.499999	1.478814
1.505882	1.532315
1.511764	1.522124
1.517646	1.498240
1.523529	1.515755
1.529411	1.533589
1.535293	1.462573
1.541176	1.557154
1.547058	1.515437
1.552940	1.496966
1.558823	1.566708
1.564705	1.491552
1.570587	1.482635
1.576470	1.501106
1.582352	1.487094
1.588234	1.550148
1.594117	1.462891
1.599999	1.528493
1.605882	1.520532
1.611764	1.490915
1.617646	1.474356
1.623529	1.480088
1.629411	1.492508
1.635293	1.535818
1.641176	1.487094
1.647058	1.467986
1.652940	1.449516
1.658823	1.542187
1.664705	1.496966
1.670587	1.487412
1.676470	1.533907
1.682352	1.543461
1.688234	1.482635
1.694117	1.508749
1.699999	1.549193
1.705881	1.482317
1.711764	1.480406
1.717646	1.466076
1.723529	1.458751
1.729411	1.521169
1.735293	1.516710
1.741176	1.435822
1.747058	1.483272
1.752940	1.469579
1.758823	1.523398
1.764705	1.485820
1.770587	1.466394
1.776470	1.483909
1.782352	1.545053
1.788234	1.495692
1.794117	1.498240
1.799999	1.491552
1.805881	1.519258
1.811764	1.492508
1.817646	1.456204
1.823528	1.516073
1.829411	1.473400
1.835293	1.515437
1.841176	1.479769
1.847058	1.515118
1.852940	1.468942
1.858823	1.539639
1.864705	1.541550
1.870587	1.577536
1.876470	1.573714
1.882352	1.527538
1.888234	1.537729
1.894117	1.539958
1.899999	1.510341
1.905881	1.482635
1.911764	1.460025
1.917646	1.523398
1.923528	1.515437
1.929411	1.513207
1.935293	1.577536
1.941175	1.512570
1.947058	1.511297
1.952940	1.526264
1.958823	1.494418
1.964705	1.577217
1.970587	1.514163
1.976470	1.564479
1.982352	1.488049
1.988234	1.467986
1.994117	1.523080
1.999999	1.539002
2.005881	1.495374
2.011764	1.488368
2.017646	1.511934
2.023528	1.496966
2.029411	1.540913
2.035293	1.515118
2.041175	1.447924
2.047058	1.462891
2.052940	1.541868
2.058822	1.487412
2.064705	1.460344
2.070587	1.472763
2.076470	1.515755
2.082352	1.496966
2.088234	1.516073
2.094117	1.484546
2.099999	1.523080
2.105881	1.479769
2.111764	1.488049
2.117646	1.511615
2.123528	1.512889
2.129411	1.560021
2.135293	1.489960
2.141175	1.521806
2.147058	1.567345
2.152940	1.518303
2.158822	1.503017
2.164705	1.546327
2.170587	1.486775
2.176470	1.527219
2.182352	1.517666
2.188234	1.491552
2.194117	1.503017
2.199999	1.540913
2.205881	1.477859
2.211764	1.515118
2.217646	1.543461
2.223528	1.515437
2.229411	1.494100
2.235293	1.515755
2.241175	1.467668
2.247058	1.502061
2.252940	1.482954
2.258822	1.474674
2.264705	1.492189
2.270587	1.500788
2.276469	1.485183
2.282352	1.521169
2.288234	1.489960
2.294116	1.455248
2.299999	1.428498
2.305881	1.539639
2.311764	1.485183
2.317646	1.504291
2.323528	1.399518
2.329411	1.531678
2.335293	1.544416
2.341175	1.490597
2.347058	1.493145
2.352940	1.502698
2.358822	1.490278
2.364705	1.545690
2.370587	1.540913
2.376469	1.521487
2.382352	1.545690
2.388234	1.475311
2.394116	1.517984
2.399999	1.481362
2.405881	1.485183
2.411763	1.548238
2.417646	1.482635
2.423528	1.531678
2.429411	1.477222
2.435293	1.476903
2.441175	1.467668
2.447058	1.505883
2.452940	1.564479
2.458822	1.538684
2.464705	1.554925
2.470587	1.506520
2.476469	1.488686
2.482352	1.545690
2.488234	1.473719
2.494116	1.483909
2.499999	1.507157
2.505881	1.553651
2.511763	1.513844
2.517646	1.523080
2.523528	1.528493
2.529411	1.476266
2.535293	1.531041
2.541175	1.472126
2.547058	1.517984
2.552940	1.449198
2.558822	1.504927
2.564705	1.527856
2.570587	1.508431
2.576469	1.523716
2.582352	1.542824
2.588234	1.529767
2.594116	1.556518
2.599999	1.497921
2.605881	1.562887
2.611763	1.524672
2.617646	1.480725
2.623528	1.497285
2.629410	1.539002
2.635293	1.501743
2.641175	1.523398
2.647057	1.481999
2.652940	1.529130
2.658822	1.453974
2.664705	1.503335
2.670587	1.495692
2.676469	1.470853
2.682352	1.504291
2.688234	1.498240
2.694116	1.507157
2.699999	1.481362
2.705881	1.498558
2.711763	1.498240
2.717646	1.538684
2.723528	1.488049
2.729410	1.571167
2.735293	1.540595
2.741175	1.469579
2.747057	1.483591
2.752940	1.519258
2.758822	1.569256
2.764704	1.508112
2.770587	1.531041
2.776469	1.567027
2.782352	1.497603
2.788234	1.492189
2.794116	1.503972
2.799999	1.507794
2.805881	1.487412
2.811763	1.503017
2.817646	1.565753
2.823528	1.531041
2.829410	1.511615
2.835293	1.503335
2.841175	1.502698
2.847057	1.460980
2.852940	1.481362
2.858822	1.465120
2.864704	1.499514
2.870587	1.474674
2.876469	1.492826
2.882351	1.515437
2.888234	1.542505
2.894116	1.480725
2.899999	1.526901
2.905881	1.549830
2.911763	1.532633
2.917646	1.527219
2.923528	1.529449
2.929410	1.544416
2.935293	1.572122
2.941175	1.589637
2.947057	1.501106
2.952940	1.486139
2.958822	1.546964
2.964704	1.462573
2.970587	1.524990
2.976469	1.507794
2.982351	1.492508
2.988234	1.545053
2.994116	1.545053
2.999998	1.533589
3.005881	1.520532
3.011763	1.497285
3.017646	1.466394
3.023528	1.494737
3.029410	1.450153
3.035293	1.498877
3.041175	1.521487
3.047057	1.473082
3.052940	1.526583
3.058822	1.561294
3.064704	1.462573
3.070587	1.456840
3.076469	1.542824
3.082351	1.458433
3.088234	1.500151
3.094116	1.509386
3.099998	1.484546
3.105881	1.517666
3.111763	1.519895
3.117646	1.486139
3.123528	1.542824
3.129410	1.494100
3.135293	1.509386
3.141175	1.534862
3.147057	1.516073
3.152940	1.537729
3.158822	1.558110
3.164704	1.553014
3.170587	1.556836
3.176469	1.480088
3.182351	1.487094
3.188234	1.581039
3.194116	1.481362
3.199998	1.518621
3.205881	1.541550
3.211763	1.533270
3.217645	1.490915
3.223528	1.568300
3.229410	1.538047
3.235292	1.525309
3.241175	1.541868
3.247057	1.462254
3.252940	1.500788
3.258822	1.460662
3.264704	1.491552
3.270587	1.525627
3.276469	1.432319
3.282351	1.537410
3.288234	1.543779
3.294116	1.492508
3.299998	1.480725
3.305881	1.485183
3.311763	1.492826
3.317645	1.514481
3.323528	1.552059
3.329410	1.472445
3.335292	1.533907
3.341175	1.462573
3.347057	1.540276
3.352939	1.458751
3.358822	1.470534
3.364704	1.499514
3.370587	1.496648
3.376469	1.502698
3.382351	1.497603
3.388234	1.524672
3.394116	1.471808
3.399998	1.510660
3.405881	1.472763
3.411763	1.543779
3.417645	1.541868
3.423528	1.547282
3.429410	1.536455
3.435292	1.530404
3.441175	1.534544
3.447057	1.491234
3.452939	1.536773
3.458822	1.488368
3.464704	1.492189
3.470587	1.476585
3.476469	1.526264
3.482351	1.501106
3.488234	1.540595
3.494116	1.486775
3.499998	1.469260
3.505881	1.517347
3.511763	1.516392
3.517645	1.498558
3.523528	1.567027
3.529410	1.565116
3.535292	1.569256
3.541175	1.449198
3.547057	1.539321
3.552939	1.517029
3.558822	1.469897
3.564704	1.495692
3.570586	1.496966
3.576469	1.571803
3.582351	1.514800
3.588233	1.543142
3.594116	1.471808
3.599998	1.486775
3.605881	1.546645
3.611763	1.478177
3.617645	1.520532
3.623528	1.501106
3.629410	1.477859
3.635292	1.539002
3.641175	1.481362
3.647057	1.548875
3.652939	1.524672
3.658822	1.548875
3.664704	1.507794
3.670586	1.492508
3.676469	1.529449
3.682351	1.544416
3.688233	1.480088
3.694116	1.492189
3.699998	1.475311
3.705880	1.500788
3.711763	1.467031
3.717645	1.539002
3.723528	1.484546
3.729410	1.516073
3.735292	1.494100
3.741175	1.515437
3.747057	1.483272
3.752939	1.490278
3.758822	1.566390
3.764704	1.520213
3.770586	1.486139
3.776469	1.525309
3.782351	1.482317
3.788233	1.473082
3.794116	1.549193
3.799998	1.550148
3.805880	1.468623
3.811763	1.472126
3.817645	1.506201
3.823527	1.517984
3.829410	1.526901
3.835292	1.470216
3.841175	1.521806
3.847057	1.496011
3.852939	1.465439
3.858822	1.494100
3.864704	1.552696
3.870586	1.513526
3.876469	1.517029
3.882351	1.472126
3.888233	1.451108
3.894116	1.507475
3.899998	1.489323
3.905880	1.498877
3.911763	1.515437
3.917645	1.496011
3.923527	1.490278
3.929410	1.506201
3.935292	1.477540
3.941174	1.456840
3.947057	1.503017
3.952939	1.544735
3.958822	1.446968
3.964704	1.597917
3.970586	1.533270
3.976469	1.532315
3.982351	1.480725
3.988233	1.534862
3.994116	1.496329
3.999998	1.523716
4.005880	1.488368
4.011763	1.517666
4.017645	1.497285
4.023527	1.525627
4.029410	1.528175
4.035292	1.488368
4.041174	1.505883
4.047057	1.509704
4.052939	1.536773
4.058821	1.498240
4.064704	1.520850
4.070586	1.526583
4.076469	1.459707
4.082351	1.569893
4.088233	1.521487
4.094116	1.471171
4.099998	1.499195
4.105880	1.467986
4.111763	1.502380
4.117645	1.493145
4.123527	1.548875
4.129410	1.449516
4.135292	1.473082
4.141174	1.528175
4.147057	1.494418
4.152939	1.495055
4.158821	1.486139
4.164704	1.534862
4.170586	1.537410
4.176468	1.530404
4.182351	1.570211
4.188233	1.486775
4.194116	1.464483
4.199998	1.478496
4.205880	1.522124
4.211763	1.529130
4.217645	1.545690
4.223527	1.483909
4.229410	1.504927
4.235292	1.494418
4.241174	1.506201
4.247057	1.477859
4.252939	1.494737
4.258821	1.478496
4.264704	1.489960
4.270586	1.562887
4.276468	1.460980
4.282351	1.507157
4.288233	1.525627
4.294116	1.514163
4.299998	1.500469
4.305880	1.476585
4.311763	1.504291
4.317645	1.496011
4.323527	1.508749
4.329410	1.482317
4.335292	1.518621
4.341174	1.492189
4.347057	1.506201
4.352939	1.513207
4.358821	1.511297
4.364704	1.505564
4.370586	1.500788
4.376468	1.556518
4.382351	1.547601
4.388233	1.495055
4.394115	1.531041
4.399998	1.490597
4.405880	1.494100
4.411763	1.530722
4.417645	1.482954
4.423527	1.552059
4.429410	1.478496
4.435292	1.473400
4.441174	1.550148
4.447057	1.518940
4.452939	1.520532
4.458821	1.583586
4.464704	1.534226
4.470586	1.460344
4.476468	1.537092
4.482351	1.521169
4.488233	1.525627
4.494115	1.523398
4.499998	1.511615
4.505880	1.569256
4.511762	1.516073
4.517645	1.547601
4.523527	1.479132
4.529409	1.489323
4.535292	1.499514
4.541174	1.396652
4.547057	1.482954
4.552939	1.459707
4.558821	1.481999
4.564704	1.535181
4.570586	1.531678
4.576468	1.513844
4.582351	1.516710
4.588233	1.460344
4.594115	1.460025
4.599998	1.531996
4.605880	1.503654
4.611762	1.546327
4.617645	1.475948
4.623527	1.518940
4.629409	1.502061
4.635292	1.514481
4.641174	1.475311
4.647056	1.516710
4.652939	1.517984
4.658821	1.518621
4.664704	1.481043
4.670586	1.542505
4.676468	1.515755
4.682351	1.597917
4.688233	1.565434
4.694115	1.475629
4.699998	1.508749
4.705880	1.507794
4.711762	1.481362
4.717645	1.514481
4.723527	1.458114
4.729409	1.485820
4.735292	1.503654
4.741174	1.543142
4.747056	1.496966
4.752939	1.515437
4.758821	1.495692
4.764703	1.502061
4.770586	1.513207
4.776468	1.484228
4.782351	1.486457
4.788233	1.503335
4.794115	1.478496
4.799998	1.496966
4.805880	1.519895
4.811762	1.488049
4.817645	1.476266
4.823527	1.518940
4.829409	1.492508
4.835292	1.546645
4.841174	1.542505
4.847056	1.525309
4.852939	1.455567
4.858821	1.550148
4.864703	1.478177
4.870586	1.452382
4.876468	1.506520
4.882350	1.523716
4.888233	1.507475
4.894115	1.545690
4.899998	1.504291
4.905880	1.479132
4.911762	1.496329
4.917645	1.496648
4.923527	1.503654
4.929409	1.550148
4.935292	1.490597
4.941174	1.508749
4.947056	1.494100
4.952939	1.511934
4.958821	1.495374
4.964703	1.477222
4.970586	1.443784
4.976468	1.479769
4.982350	1.476903
4.988233	1.501743
4.994115	1.493145
