LabVIEW Measurement	
Writer_Version	2
Reader_Version	2
Separator	Tab
Decimal_Separator	.
Multi_Headings	Yes
X_Columns	One
Time_Pref	Absolute
Operator	labuser
Date	1904/01/01
Time	01:00:00
***End_of_Header***	
	
Channels	1	
Samples	850	
Date	2022/05/23	
Time	18:05:02.0860295499999587293	
Y_Unit_Label	Volts	
X_Dimension	Time	
X0	0.0000000000000000E+0	
Delta_X	0.005882	
***End_of_Header***		
X_Value	Voltage	Comment
0.000000	1.601101
0.005882	1.618617
0.011765	1.601738
0.017647	1.615751
0.023529	1.598872
0.029412	1.610655
0.035294	1.601420
0.041176	1.607789
0.047059	1.603012
0.052941	1.610337
0.058824	1.610018
0.064706	1.602057
0.070588	1.612566
0.076471	1.596962
0.082353	1.614477
0.088235	1.596006
0.094118	1.613521
0.100000	1.599509
0.105882	1.610018
0.111765	1.605241
0.117647	1.606834
0.123529	1.608426
0.129412	1.602694
0.135294	1.611292
0.141176	1.601738
0.147059	1.618617
0.152941	1.598554
0.158823	1.616069
0.164706	1.599828
0.170588	1.616069
0.176471	1.600465
0.182353	1.611611
0.188235	1.604286
0.194118	1.608108
0.200000	1.610018
0.205882	1.604286
0.211765	1.612884
0.217647	1.596962
0.223529	1.614477
0.229412	1.599828
0.235294	1.613840
0.241176	1.596643
0.247059	1.612884
0.252941	1.595369
0.258823	1.610018
0.264706	1.602375
0.270588	1.607789
0.276470	1.602375
0.282353	1.606515
0.288235	1.611611
0.294117	1.597598
0.300000	1.612884
0.305882	1.597598
0.311765	1.613840
0.317647	1.600146
0.323529	1.615751
0.329412	1.599509
0.335294	1.610655
0.341176	1.605241
0.347059	1.609381
0.352941	1.606834
0.358823	1.607789
0.364706	1.610974
0.370588	1.602057
0.376470	1.611292
0.382353	1.600783
0.388235	1.613840
0.394117	1.597280
0.400000	1.614477
0.405882	1.602694
0.411764	1.610655
0.417647	1.604605
0.423529	1.608108
0.429412	1.612884
0.435294	1.601738
0.441176	1.613203
0.447059	1.593777
0.452941	1.618617
0.458823	1.599191
0.464706	1.615114
0.470588	1.602375
0.476470	1.613203
0.482353	1.601420
0.488235	1.610018
0.494117	1.605560
0.500000	1.607789
0.505882	1.612247
0.511764	1.603012
0.517647	1.614795
0.523529	1.600783
0.529411	1.616387
0.535294	1.599509
0.541176	1.611929
0.547059	1.599509
0.552941	1.612247
0.558823	1.603968
0.564706	1.607152
0.570588	1.605241
0.576470	1.606834
0.582353	1.609381
0.588235	1.604286
0.594117	1.611292
0.600000	1.600465
0.605882	1.618298
0.611764	1.600146
0.617647	1.613203
0.623529	1.598554
0.629411	1.615751
0.635294	1.596962
0.641176	1.612566
0.647058	1.600465
0.652941	1.612884
0.658823	1.609700
0.664706	1.606515
0.670588	1.610974
0.676470	1.605878
0.682353	1.607471
0.688235	1.606197
0.694117	1.614795
0.700000	1.603012
0.705882	1.616706
0.711764	1.599509
0.717647	1.613840
0.723529	1.597598
0.729411	1.613840
0.735294	1.597280
0.741176	1.612247
0.747058	1.603649
0.752941	1.611292
0.758823	1.604286
0.764705	1.607152
0.770588	1.611929
0.776470	1.603331
0.782353	1.612566
0.788235	1.597917
0.794117	1.615751
0.800000	1.600465
0.805882	1.614158
0.811764	1.601101
0.817647	1.612566
0.823529	1.603012
0.829411	1.614477
0.835294	1.601101
0.841176	1.608108
0.847058	1.606834
0.852941	1.603968
0.858823	1.610655
0.864705	1.603012
0.870588	1.614795
0.876470	1.598872
0.882352	1.615114
0.888235	1.595369
0.894117	1.619572
0.900000	1.594414
0.905882	1.611929
0.911764	1.595688
0.917647	1.613203
0.923529	1.605241
0.929411	1.609700
0.935294	1.606834
0.941176	1.608108
0.947058	1.610337
0.952941	1.607471
0.958823	1.613203
0.964705	1.603649
0.970588	1.620846
0.976470	1.601420
0.982352	1.616069
0.988235	1.599828
0.994117	1.615751
0.999999	1.601420
1.005882	1.613840
1.011764	1.602694
1.017647	1.613840
1.023529	1.602057
1.029411	1.613521
1.035294	1.602694
1.041176	1.605878
1.047058	1.606834
1.052941	1.606515
1.058823	1.608744
1.064705	1.603968
1.070588	1.613840
1.076470	1.603649
1.082352	1.618298
1.088235	1.603968
1.094117	1.615751
1.099999	1.602375
1.105882	1.614795
1.111764	1.598554
1.117646	1.613840
1.123529	1.604605
1.129411	1.612566
1.135294	1.604605
1.141176	1.610018
1.147058	1.609063
1.152941	1.606197
1.158823	1.614477
1.164705	1.602375
1.170588	1.614795
1.176470	1.601738
1.182352	1.612566
1.188235	1.601101
1.194117	1.617343
1.199999	1.603012
1.205882	1.616387
1.211764	1.598235
1.217646	1.610337
1.223529	1.602057
1.229411	1.611611
1.235294	1.605560
1.241176	1.606515
1.247058	1.608744
1.252941	1.602694
1.258823	1.613203
1.264705	1.599509
1.270588	1.614795
1.276470	1.599828
1.282352	1.614477
1.288235	1.597280
1.294117	1.615751
1.299999	1.599509
1.305882	1.616069
1.311764	1.600783
1.317646	1.613203
1.323529	1.604286
1.329411	1.611611
1.335293	1.612247
1.341176	1.606197
1.347058	1.612247
1.352940	1.606834
1.358823	1.617980
1.364705	1.602375
1.370588	1.617343
1.376470	1.600465
1.382352	1.618298
1.388235	1.596643
1.394117	1.612566
1.399999	1.598872
1.405882	1.612884
1.411764	1.603331
1.417646	1.609700
1.423529	1.594414
1.429411	1.604605
1.435293	1.614477
1.441176	1.603649
1.447058	1.613840
1.452940	1.600783
1.458823	1.618298
1.464705	1.598872
1.470587	1.617661
1.476470	1.596962
1.482352	1.617024
1.488235	1.601420
1.494117	1.608108
1.499999	1.602694
1.505882	1.607789
1.511764	1.604923
1.517646	1.608108
1.523529	1.611292
1.529411	1.603649
1.535293	1.611292
1.541176	1.600146
1.547058	1.619890
1.552940	1.600783
1.558823	1.615432
1.564705	1.599191
1.570587	1.612566
1.576470	1.601738
1.582352	1.610974
1.588234	1.602375
1.594117	1.606197
1.599999	1.614477
1.605882	1.601101
1.611764	1.611292
1.617646	1.602375
1.623529	1.616069
1.629411	1.597598
1.635293	1.617343
1.641176	1.598554
1.647058	1.614795
1.652940	1.601420
1.658823	1.610655
1.664705	1.601101
1.670587	1.609063
1.676470	1.608108
1.682352	1.606197
1.688234	1.610018
1.694117	1.601101
1.699999	1.617343
1.705881	1.601101
1.711764	1.617024
1.717646	1.596962
1.723529	1.616387
1.729411	1.596325
1.735293	1.613840
1.741176	1.600465
1.747058	1.611292
1.752940	1.604923
1.758823	1.606834
1.764705	1.609063
1.770587	1.603331
1.776470	1.611929
1.782352	1.600146
1.788234	1.617980
1.794117	1.600465
1.799999	1.613521
1.805881	1.595051
1.811764	1.616387
1.817646	1.600465
1.823528	1.612247
1.829411	1.601101
1.835293	1.609381
1.841176	1.604923
1.847058	1.607471
1.852940	1.608744
1.858823	1.603968
1.864705	1.615432
1.870587	1.601101
1.876470	1.617024
1.882352	1.600146
1.888234	1.616069
1.894117	1.594095
1.899999	1.616069
1.905881	1.599191
1.911764	1.609700
1.917646	1.601738
1.923528	1.608744
1.929411	1.620846
1.935293	1.604923
1.941175	1.611292
1.947058	1.602057
1.952940	1.612247
1.958823	1.597598
1.964705	1.613840
1.970587	1.596962
1.976470	1.615751
1.982352	1.601101
1.988234	1.608108
1.994117	1.601738
1.999999	1.611292
2.005881	1.607789
2.011764	1.608426
2.017646	1.609700
2.023528	1.605241
2.029411	1.611611
2.035293	1.599191
2.041175	1.616706
2.047058	1.597917
2.052940	1.618935
2.058822	1.599509
2.064705	1.611292
2.070587	1.595369
2.076470	1.611292
2.082352	1.600783
2.088234	1.609381
2.094117	1.612566
2.099999	1.605241
2.105881	1.614158
2.111764	1.599828
2.117646	1.615432
2.123528	1.595369
2.129411	1.612566
2.135293	1.597280
2.141175	1.611292
2.147058	1.599191
2.152940	1.608744
2.158822	1.604923
2.164705	1.609381
2.170587	1.609063
2.176470	1.603331
2.182352	1.613203
2.188234	1.602375
2.194117	1.613203
2.199999	1.600465
2.205881	1.613840
2.211764	1.594414
2.217646	1.613521
2.223528	1.600465
2.229411	1.611611
2.235293	1.602057
2.241175	1.608426
2.247058	1.606834
2.252940	1.603012
2.258822	1.612566
2.264705	1.602694
2.270587	1.616387
2.276469	1.597598
2.282352	1.618298
2.288234	1.598554
2.294116	1.613203
2.299999	1.595369
2.305881	1.606834
2.311764	1.602694
2.317646	1.607789
2.323528	1.606515
2.329411	1.603968
2.335293	1.614795
2.341175	1.600465
2.347058	1.615114
2.352940	1.597917
2.358822	1.617980
2.364705	1.597917
2.370587	1.611611
2.376469	1.597598
2.382352	1.609700
2.388234	1.606834
2.394116	1.603968
2.399999	1.611611
2.405881	1.600783
2.411763	1.612884
2.417646	1.598872
2.423528	1.617024
2.429411	1.599191
2.435293	1.612247
2.441175	1.603331
2.447058	1.607152
2.452940	1.603968
2.458822	1.602375
2.464705	1.613521
2.470587	1.599191
2.476469	1.620209
2.482352	1.600465
2.488234	1.613840
2.494116	1.601101
2.499999	1.613203
2.505881	1.599509
2.511763	1.610974
2.517646	1.601738
2.523528	1.607789
2.529411	1.607789
2.535293	1.604923
2.541175	1.609700
2.547058	1.602694
2.552940	1.612247
2.558822	1.601738
2.564705	1.614795
2.570587	1.601420
2.576469	1.614477
2.582352	1.600783
2.588234	1.613840
2.594116	1.601101
2.599999	1.612884
2.605881	1.600465
2.611763	1.609381
2.617646	1.608108
2.623528	1.604923
2.629410	1.610018
2.635293	1.606515
2.641175	1.616706
2.647057	1.602694
2.652940	1.617980
2.658822	1.599509
2.664705	1.616706
2.670587	1.594732
2.676469	1.613203
2.682352	1.603012
2.688234	1.610337
2.694116	1.609063
2.699999	1.607789
2.705881	1.612247
2.711763	1.602057
2.717646	1.611611
2.723528	1.600146
2.729410	1.614477
2.735293	1.599509
2.741175	1.612884
2.747057	1.601738
2.752940	1.610655
2.758822	1.603968
2.764704	1.606197
2.770587	1.608426
2.776469	1.603012
2.782352	1.613203
2.788234	1.604286
2.794116	1.612247
2.799999	1.603331
2.805881	1.614158
2.811763	1.596962
2.817646	1.611611
2.823528	1.601738
2.829410	1.605241
2.835293	1.608426
2.841175	1.605241
2.847057	1.610974
2.852940	1.598554
2.858822	1.614158
2.864704	1.600783
2.870587	1.622120
2.876469	1.600146
2.882351	1.614477
2.888234	1.599828
2.894116	1.612247
2.899999	1.603649
2.905881	1.607152
2.911763	1.611611
2.917646	1.603649
2.923528	1.613203
2.929410	1.602694
2.935293	1.615432
2.941175	1.595051
2.947057	1.615432
2.952940	1.595369
2.958822	1.611929
2.964704	1.596643
2.970587	1.610655
2.976469	1.602694
2.982351	1.608108
2.988234	1.607152
2.994116	1.605878
2.999998	1.610974
3.005881	1.605241
3.011763	1.615114
3.017646	1.600783
3.023528	1.616706
3.029410	1.599191
3.035293	1.618298
3.041175	1.602375
3.047057	1.612884
3.052940	1.603331
3.058822	1.611292
3.064704	1.603649
3.070587	1.608108
3.076469	1.605560
3.082351	1.608108
3.088234	1.612884
3.094116	1.603968
3.099998	1.610337
3.105881	1.602375
3.111763	1.613840
3.117646	1.601420
3.123528	1.616069
3.129410	1.599509
3.135293	1.613840
3.141175	1.601101
3.147057	1.614477
3.152940	1.604286
3.158822	1.605878
3.164704	1.607471
3.170587	1.603968
3.176469	1.613203
3.182351	1.602375
3.188234	1.615751
3.194116	1.600146
3.199998	1.613521
3.205881	1.594095
3.211763	1.613521
3.217645	1.595688
3.223528	1.612247
3.229410	1.602375
3.235292	1.609381
3.241175	1.613840
3.247057	1.602694
3.252940	1.617980
3.258822	1.600783
3.264704	1.612247
3.270587	1.601738
3.276469	1.617343
3.282351	1.598235
3.288234	1.611929
3.294116	1.601738
3.299998	1.612884
3.305881	1.604286
3.311763	1.612566
3.317645	1.605878
3.323528	1.606197
3.329410	1.608108
3.335292	1.605878
3.341175	1.610337
3.347057	1.601420
3.352939	1.616706
3.358822	1.596962
3.364704	1.616069
3.370587	1.596643
3.376469	1.614477
3.382351	1.602375
3.388234	1.612247
3.394116	1.600783
3.399998	1.609063
3.405881	1.603012
3.411763	1.607152
3.417645	1.610974
3.423528	1.605241
3.429410	1.611929
3.435292	1.602375
3.441175	1.616706
3.447057	1.600783
3.452939	1.616387
3.458822	1.594732
3.464704	1.616706
3.470587	1.600146
3.476469	1.611611
3.482351	1.596962
3.488234	1.611611
3.494116	1.604923
3.499998	1.610018
3.505881	1.603649
3.511763	1.604923
3.517645	1.608744
3.523528	1.604286
3.529410	1.616387
3.535292	1.601738
3.541175	1.618298
3.547057	1.601738
3.552939	1.617024
3.558822	1.602057
3.564704	1.614158
3.570586	1.598554
3.576469	1.615751
3.582351	1.602375
3.588233	1.611611
3.594116	1.605241
3.599998	1.610337
3.605881	1.603331
3.611763	1.607789
3.617645	1.605878
3.623528	1.609381
3.629410	1.612247
3.635292	1.605560
3.641175	1.617661
3.647057	1.602057
3.652939	1.615751
3.658822	1.597917
3.664704	1.618617
3.670586	1.599191
3.676469	1.618298
3.682351	1.597598
3.688233	1.613840
3.694116	1.601420
3.699998	1.611292
3.705880	1.599828
3.711763	1.615114
3.717645	1.608108
3.723528	1.609063
3.729410	1.609700
3.735292	1.605878
3.741175	1.612566
3.747057	1.601738
3.752939	1.613203
3.758822	1.599509
3.764704	1.616387
3.770586	1.600465
3.776469	1.617343
3.782351	1.599509
3.788233	1.614795
3.794116	1.603012
3.799998	1.615114
3.805880	1.606515
3.811763	1.610655
3.817645	1.603968
3.823527	1.605241
3.829410	1.610018
3.835292	1.603331
3.841175	1.614477
3.847057	1.593777
3.852939	1.617024
3.858822	1.599828
3.864704	1.614158
3.870586	1.600465
3.876469	1.612566
3.882351	1.597917
3.888233	1.608108
3.894116	1.604923
3.899998	1.606515
3.905880	1.609700
3.911763	1.603012
3.917645	1.613840
3.923527	1.601420
3.929410	1.614477
3.935292	1.601738
3.941174	1.615751
3.947057	1.601101
3.952939	1.611929
3.958822	1.598872
3.964704	1.611292
3.970586	1.604605
3.976469	1.607789
3.982351	1.610655
3.988233	1.603968
3.994116	1.612884
3.999998	1.600465
4.005880	1.617024
4.011763	1.601420
4.017645	1.613521
4.023527	1.595051
4.029410	1.612247
4.035292	1.598872
4.041174	1.610655
4.047057	1.598872
4.052939	1.609700
4.058821	1.605560
4.064704	1.607152
4.070586	1.610018
4.076469	1.603649
4.082351	1.614795
4.088233	1.603331
4.094116	1.613521
4.099998	1.598554
4.105880	1.613840
4.111763	1.600783
4.117645	1.614477
4.123527	1.597598
4.129410	1.612566
4.135292	1.601738
4.141174	1.606197
4.147057	1.606515
4.152939	1.606197
4.158821	1.609700
4.164704	1.602375
4.170586	1.616387
4.176468	1.603968
4.182351	1.614795
4.188233	1.599828
4.194116	1.615751
4.199998	1.598872
4.205880	1.611929
4.211763	1.603968
4.217645	1.613521
4.223527	1.601101
4.229410	1.606515
4.235292	1.608426
4.241174	1.607471
4.247057	1.619572
4.252939	1.604605
4.258821	1.616069
4.264704	1.600465
4.270586	1.617024
4.276468	1.600465
4.282351	1.615114
4.288233	1.596325
4.294116	1.613840
4.299998	1.602057
4.305880	1.613203
4.311763	1.603649
4.317645	1.612566
4.323527	1.602057
4.329410	1.607789
4.335292	1.610337
4.341174	1.604923
4.347057	1.616069
4.352939	1.600146
4.358821	1.613840
4.364704	1.601420
4.370586	1.614158
4.376468	1.598872
4.382351	1.614477
4.388233	1.599191
4.394115	1.613840
4.399998	1.605878
4.405880	1.608426
4.411763	1.605241
4.417645	1.607152
4.423527	1.606197
4.429410	1.606197
4.435292	1.614158
4.441174	1.597917
4.447057	1.611929
4.452939	1.597917
4.458821	1.615432
4.464704	1.596962
4.470586	1.613203
4.476468	1.598235
4.482351	1.609063
4.488233	1.605241
4.494115	1.603968
4.499998	1.608108
4.505880	1.604923
4.511762	1.606834
4.517645	1.604286
4.523527	1.617661
4.529409	1.600465
4.535292	1.618935
4.541174	1.597280
4.547057	1.614158
4.552939	1.599509
4.558821	1.611611
4.564704	1.601101
4.570586	1.610655
4.576468	1.603012
4.582351	1.603012
4.588233	1.612566
4.594115	1.601101
4.599998	1.616069
4.605880	1.602375
4.611762	1.617024
4.617645	1.592822
4.623527	1.612566
4.629409	1.596325
4.635292	1.608426
4.641174	1.602694
4.647056	1.608108
4.652939	1.608426
4.658821	1.601738
4.664704	1.615114
4.670586	1.601738
4.676468	1.615114
4.682351	1.599509
4.688233	1.614158
4.694115	1.595688
4.699998	1.608744
4.705880	1.604605
4.711762	1.604605
4.717645	1.608744
4.723527	1.601420
4.729409	1.611292
4.735292	1.600783
4.741174	1.612566
4.747056	1.593140
4.752939	1.611611
4.758821	1.596325
4.764703	1.606834
4.770586	1.603649
4.776468	1.606834
4.782351	1.610337
4.788233	1.598872
4.794115	1.614477
4.799998	1.592503
4.805880	1.612247
4.811762	1.595051
4.817645	1.612247
4.823527	1.597598
4.829409	1.610337
4.835292	1.604286
4.841174	1.600783
4.847056	1.607471
4.852939	1.602057
4.858821	1.617024
4.864703	1.601101
4.870586	1.615114
4.876468	1.597917
4.882350	1.608744
4.888233	1.600146
4.894115	1.608744
4.899998	1.601738
4.905880	1.602057
4.911762	1.608426
4.917645	1.600146
4.923527	1.613521
4.929409	1.598872
4.935292	1.613521
4.941174	1.595369
4.947056	1.611929
4.952939	1.600146
4.958821	1.609700
4.964703	1.605560
4.970586	1.606197
4.976468	1.610337
4.982350	1.604286
4.988233	1.614795
4.994115	1.600146

