0.000000	1.681034
0.005882	1.649189
0.011765	1.668933
0.017647	1.681034
0.023529	1.651736
0.029412	1.678487
0.035294	1.657150
0.041176	1.667977
0.047059	1.672117
0.052941	1.663519
0.058824	1.674665
0.064706	1.671480
0.070588	1.676894
0.076471	1.652055
0.082353	1.667022
0.088235	1.668614
0.094118	1.665748
0.100000	1.664156
0.105882	1.666385
0.111765	1.666704
0.117647	1.647915
0.123529	1.686448
0.129412	1.656195
0.135294	1.682626
0.141176	1.675302
0.147059	1.671480
0.152941	1.671480
0.158823	1.655558
0.164706	1.680079
0.170588	1.665430
0.176471	1.653328
0.182353	1.668296
0.188235	1.649825
0.194118	1.680079
0.200000	1.668933
0.205882	1.670844
0.211765	1.673073
0.217647	1.647915
0.223529	1.683900
0.229412	1.660016
0.235294	1.664793
0.241176	1.688677
0.247059	1.634539
0.252941	1.681990
0.258823	1.657787
0.264706	1.653010
0.270588	1.681990
0.276470	1.658105
0.282353	1.671799
0.288235	1.673073
0.294117	1.655558
0.300000	1.659698
0.305882	1.657150
0.311765	1.677850
0.317647	1.667977
0.323529	1.670207
0.329412	1.661290
0.335294	1.658742
0.341176	1.670844
0.347059	1.665430
0.352941	1.658742
0.358823	1.681990
0.364706	1.659379
0.370588	1.660653
0.376470	1.666704
0.382353	1.659061
0.388235	1.652692
0.394117	1.676576
0.400000	1.625623
0.405882	1.671799
0.411764	1.669570
0.417647	1.643775
0.423529	1.677213
0.429412	1.659698
0.435294	1.668614
0.441176	1.664156
0.447059	1.644730
0.452941	1.670844
0.458823	1.652692
0.464706	1.657787
0.470588	1.649189
0.476470	1.631036
0.482353	1.691543
0.488235	1.653965
0.494117	1.674665
0.500000	1.644730
0.505882	1.657150
0.511764	1.670525
0.517647	1.645367
0.523529	1.677531
0.529411	1.699186
0.535294	1.644412
0.541176	1.677531
0.547059	1.646322
0.552941	1.681671
0.558823	1.665111
0.564706	1.639953
0.570588	1.683263
0.576470	1.612566
0.582353	1.679442
0.588235	1.641546
0.594117	1.666385
0.600000	1.673073
0.605882	1.650462
0.611764	1.677213
0.617647	1.640909
0.623529	1.673073
0.629411	1.672754
0.635294	1.645049
0.641176	1.684537
0.647058	1.660971
0.652941	1.652692
0.658823	1.684856
0.664706	1.649189
0.670588	1.676576
0.676470	1.662882
0.682353	1.661290
0.688235	1.674665
0.694117	1.638679
0.700000	1.674347
0.705882	1.666385
0.711764	1.651736
0.717647	1.669888
0.723529	1.652373
0.729411	1.666704
0.735294	1.640272
0.741176	1.664474
0.747058	1.653328
0.752941	1.657150
0.758823	1.667341
0.764705	1.656831
0.770588	1.660016
0.776470	1.671162
0.782353	1.667659
0.788235	1.661290
0.794117	1.661927
0.800000	1.663838
0.805882	1.674028
0.811764	1.653965
0.817647	1.678487
0.823529	1.671480
0.829411	1.653965
0.835294	1.683263
0.841176	1.648552
0.847058	1.666385
0.852941	1.670525
0.858823	1.645367
0.864705	1.680079
0.870588	1.655239
0.876470	1.658742
0.882352	1.658105
0.888235	1.669888
0.894117	1.671799
0.900000	1.663838
0.905882	1.657787
0.911764	1.679442
0.917647	1.649507
0.923529	1.680716
0.929411	1.652055
0.935294	1.648552
0.941176	1.685493
0.947058	1.660653
0.952941	1.655876
0.958823	1.671162
0.964705	1.650781
0.970588	1.682626
0.976470	1.653328
0.982352	1.652055
0.988235	1.674347
0.994117	1.628489
0.999999	1.688040
1.005882	1.617024
1.011764	1.677531
1.017647	1.674347
1.023529	1.632947
1.029411	1.679442
1.035294	1.642182
1.041176	1.677850
1.047058	1.654921
1.052941	1.663519
1.058823	1.687403
1.064705	1.649507
1.070588	1.647596
1.076470	1.688677
1.082352	1.668933
1.088235	1.672754
1.094117	1.676576
1.099999	1.635495
1.105882	1.680716
1.111764	1.657787
1.117646	1.663519
1.123529	1.682308
1.129411	1.632947
1.135294	1.677531
1.141176	1.633903
1.147058	1.678168
1.152941	1.653010
1.158823	1.659379
1.164705	1.660334
1.170588	1.669251
1.176470	1.665748
1.182352	1.660016
1.188235	1.653328
1.194117	1.668296
1.199999	1.643138
1.205882	1.679123
1.211764	1.661608
1.217646	1.658105
1.223529	1.677213
1.229411	1.659379
1.235294	1.641227
1.241176	1.689633
1.247058	1.642182
1.252941	1.661927
1.258823	1.677850
1.264705	1.635813
1.270588	1.685174
1.276470	1.641546
1.282352	1.640909
1.288235	1.683263
1.294117	1.659061
1.299999	1.686130
1.305882	1.644412
1.311764	1.676894
1.317646	1.665430
1.323529	1.638998
1.329411	1.679760
1.335293	1.645685
1.341176	1.658742
1.347058	1.671480
1.352940	1.668933
1.358823	1.654602
1.364705	1.665748
1.370588	1.653647
1.376470	1.650144
1.382352	1.676894
1.388235	1.623712
1.394117	1.681990
1.399999	1.651099
1.405882	1.647915
1.411764	1.686130
1.417646	1.639635
1.423529	1.662564
1.429411	1.669251
1.435293	1.662564
1.441176	1.668296
1.447058	1.656195
1.452940	1.671480
1.458823	1.655876
1.464705	1.658424
1.470587	1.656195
1.476470	1.658424
1.482352	1.671799
1.488235	1.665748
1.494117	1.667659
1.499999	1.665430
1.505882	1.654284
1.511764	1.673073
1.517646	1.660016
1.523529	1.650462
1.529411	1.691862
1.535293	1.652692
1.541176	1.663519
1.547058	1.670207
1.552940	1.650462
1.558823	1.671480
1.564705	1.666704
1.570587	1.669570
1.576470	1.664156
1.582352	1.672117
1.588234	1.675620
1.594117	1.666385
1.599999	1.674665
1.605882	1.666067
1.611764	1.664474
1.617646	1.665748
1.623529	1.666704
1.629411	1.652692
1.635293	1.676257
1.641176	1.642182
1.647058	1.675620
1.652940	1.654921
1.658823	1.659061
1.664705	1.708740
1.670587	1.652055
1.676470	1.672117
1.682352	1.647596
1.688234	1.660653
1.694117	1.669251
1.699999	1.651099
1.705881	1.675302
1.711764	1.643775
1.717646	1.664793
1.723529	1.654921
1.729411	1.661608
1.735293	1.668933
1.741176	1.655558
1.747058	1.655558
1.752940	1.669251
1.758823	1.665430
1.764705	1.668933
1.770587	1.659061
1.776470	1.671162
1.782352	1.657468
1.788234	1.664156
1.794117	1.673391
1.799999	1.651736
1.805881	1.685174
1.811764	1.639635
1.817646	1.672117
1.823528	1.678487
1.829411	1.650144
1.835293	1.675939
1.841176	1.646959
1.847058	1.666067
1.852940	1.703008
1.858823	1.612247
1.864705	1.677213
1.870587	1.651736
1.876470	1.660653
1.882352	1.671480
1.888234	1.657468
1.894117	1.672117
1.899999	1.656195
1.905881	1.671799
1.911764	1.639953
1.917646	1.686766
1.923528	1.659061
1.929411	1.670207
1.935293	1.664793
1.941175	1.667022
1.947058	1.655876
1.952940	1.675302
1.958823	1.666067
1.964705	1.659379
1.970587	1.674347
1.976470	1.675939
1.982352	1.641864
1.988234	1.664156
1.994117	1.671162
1.999999	1.656513
2.005881	1.673710
2.011764	1.646641
2.017646	1.663838
2.023528	1.660653
2.029411	1.666704
2.035293	1.693772
2.041175	1.633266
2.047058	1.665430
2.052940	1.650781
2.058822	1.656831
2.064705	1.675302
2.070587	1.664793
2.076470	1.661608
2.082352	1.663519
2.088234	1.664156
2.094117	1.666385
2.099999	1.647596
2.105881	1.677213
2.111764	1.656831
2.117646	1.645685
2.123528	1.674347
2.129411	1.652692
2.135293	1.677531
2.141175	1.653647
2.147058	1.657787
2.152940	1.671480
2.158822	1.662245
2.164705	1.681671
2.170587	1.650144
2.176470	1.666385
2.182352	1.671162
2.188234	1.649189
2.194117	1.680716
2.199999	1.661927
2.205881	1.672436
2.211764	1.652055
2.217646	1.671799
2.223528	1.667659
2.229411	1.651418
2.235293	1.673710
2.241175	1.655876
2.247058	1.651418
2.252940	1.674984
2.258822	1.651418
2.264705	1.663838
2.270587	1.674984
2.276469	1.630081
2.282352	1.682626
2.288234	1.652055
2.294116	1.669570
2.299999	1.668296
2.305881	1.631355
2.311764	1.679442
2.317646	1.641546
2.323528	1.659061
2.329411	1.682308
2.335293	1.643138
2.341175	1.668296
2.347058	1.660334
2.352940	1.655239
2.358822	1.663838
2.364705	1.633266
2.370587	1.650144
2.376469	1.687085
2.382352	1.640909
2.388234	1.677213
2.394116	1.644412
2.399999	1.664793
2.405881	1.666067
2.411763	1.668614
2.417646	1.660653
2.423528	1.678168
2.429411	1.646959
2.435293	1.674028
2.441175	1.659061
2.447058	1.649507
2.452940	1.667977
2.458822	1.673710
2.464705	1.669251
2.470587	1.665430
2.476469	1.671799
2.482352	1.658742
2.488234	1.661927
2.494116	1.641227
2.499999	1.671799
2.505881	1.650144
2.511763	1.650144
2.517646	1.685174
2.523528	1.655876
2.529411	1.674665
2.535293	1.663519
2.541175	1.668933
2.547058	1.660334
2.552940	1.670525
2.558822	1.662245
2.564705	1.655876
2.570587	1.679442
2.576469	1.651418
2.582352	1.670525
2.588234	1.672754
2.594116	1.642501
2.599999	1.685493
2.605881	1.656513
2.611763	1.653328
2.617646	1.676894
2.623528	1.650144
2.629410	1.675302
2.635293	1.646641
2.641175	1.639953
2.647057	1.671799
2.652940	1.655239
2.658822	1.671162
2.664705	1.674028
2.670587	1.649189
2.676469	1.673073
2.682352	1.652373
2.688234	1.652692
2.694116	1.671480
2.699999	1.656831
2.705881	1.668933
2.711763	1.660653
2.717646	1.653965
2.723528	1.684537
2.729410	1.671480
2.735293	1.672436
2.741175	1.670844
2.747057	1.649189
2.752940	1.677531
2.758822	1.601738
2.764704	1.663519
2.770587	1.671162
2.776469	1.633584
2.782352	1.674665
2.788234	1.655876
2.794116	1.662245
2.799999	1.660653
2.805881	1.654284
2.811763	1.666704
2.817646	1.646959
2.823528	1.658105
2.829410	1.671162
2.835293	1.646322
2.841175	1.668614
2.847057	1.662564
2.852940	1.646641
2.858822	1.675620
2.864704	1.665748
2.870587	1.670525
2.876469	1.656195
2.882351	1.674665
2.888234	1.666704
2.894116	1.656195
2.899999	1.677213
2.905881	1.653010
2.911763	1.666385
2.917646	1.660016
2.923528	1.661608
2.929410	1.660016
2.935293	1.663519
2.941175	1.659379
2.947057	1.678805
2.952940	1.665111
2.958822	1.645685
2.964704	1.684537
2.970587	1.638679
2.976469	1.656831
2.982351	1.671799
2.988234	1.667659
2.994116	1.678487
2.999998	1.657787
3.005881	1.651099
3.011763	1.672754
3.017646	1.636769
3.023528	1.678168
3.029410	1.644093
3.035293	1.653647
3.041175	1.683263
3.047057	1.674984
3.052940	1.674347
3.058822	1.668614
3.064704	1.659379
3.070587	1.662882
3.076469	1.645049
3.082351	1.673391
3.088234	1.658742
3.094116	1.636132
3.099998	1.675620
3.105881	1.636769
3.111763	1.670844
3.117646	1.634858
3.123528	1.666385
3.129410	1.648233
3.135293	1.663838
3.141175	1.665430
3.147057	1.652373
3.152940	1.673073
3.158822	1.651736
3.164704	1.661608
3.170587	1.671799
3.176469	1.662564
3.182351	1.665430
3.188234	1.660653
3.194116	1.664156
3.199998	1.642501
3.205881	1.673391
3.211763	1.664474
3.217645	1.653647
3.223528	1.659698
3.229410	1.643138
3.235292	1.674347
3.241175	1.657787
3.247057	1.667022
3.252940	1.672117
3.258822	1.664474
3.264704	1.682945
3.270587	1.641864
3.276469	1.679123
3.282351	1.659061
3.288234	1.649507
3.294116	1.688996
3.299998	1.637406
3.305881	1.663838
3.311763	1.668614
3.317645	1.621483
3.323528	1.685811
3.329410	1.634858
3.335292	1.676576
3.341175	1.662564
3.347057	1.653328
3.352939	1.700460
3.358822	1.641546
3.364704	1.671162
3.370587	1.655239
3.376469	1.668614
3.382351	1.655558
3.388234	1.670525
3.394116	1.671799
3.399998	1.670525
3.405881	1.667022
3.411763	1.641227
3.417645	1.690906
3.423528	1.630718
3.429410	1.632629
3.435292	1.691225
3.441175	1.606834
3.447057	1.671799
3.452939	1.655239
3.458822	1.650462
3.464704	1.683582
3.470587	1.617024
3.476469	1.666704
3.482351	1.649825
3.488234	1.669251
3.494116	1.662882
3.499998	1.663519
3.505881	1.680397
3.511763	1.662882
3.517645	1.661290
3.523528	1.681990
3.529410	1.662564
3.535292	1.671162
3.541175	1.664474
3.547057	1.651418
3.552939	1.666067
3.558822	1.652692
3.564704	1.653328
3.570586	1.686448
3.576469	1.655876
3.582351	1.670207
3.588233	1.654921
3.594116	1.644412
3.599998	1.676576
3.605881	1.647596
3.611763	1.671480
3.617645	1.678487
3.623528	1.658424
3.629410	1.672754
3.635292	1.634858
3.641175	1.673710
3.647057	1.653965
3.652939	1.626897
3.658822	1.693136
3.664704	1.642819
3.670586	1.657468
3.676469	1.683263
3.682351	1.617343
3.688233	1.686766
3.694116	1.671799
3.699998	1.641864
3.705880	1.688359
3.711763	1.586134
3.717645	1.677850
3.723528	1.632629
3.729410	1.666067
3.735292	1.645367
3.741175	1.658105
3.747057	1.680079
3.752939	1.667341
3.758822	1.646959
3.764704	1.671162
3.770586	1.635176
3.776469	1.660334
3.782351	1.680079
3.788233	1.640590
3.794116	1.670844
3.799998	1.667341
3.805880	1.641227
3.811763	1.681671
3.817645	1.653010
3.823527	1.657468
3.829410	1.662564
3.835292	1.649189
3.841175	1.673710
3.847057	1.652692
3.852939	1.676257
3.858822	1.664793
3.864704	1.650462
3.870586	1.668933
3.876469	1.667341
3.882351	1.674028
3.888233	1.668614
3.894116	1.655876
3.899998	1.666385
3.905880	1.658742
3.911763	1.674347
3.917645	1.656831
3.923527	1.653965
3.929410	1.677531
3.935292	1.629126
3.941174	1.689314
3.947057	1.641864
3.952939	1.657468
3.958822	1.705555
3.964704	1.625623
3.970586	1.675620
3.976469	1.660971
3.982351	1.648870
3.988233	1.672436
3.994116	1.641227
3.999998	1.665430
4.005880	1.653965
4.011763	1.660334
4.017645	1.680716
4.023527	1.650144
4.029410	1.686766
4.035292	1.653328
4.041174	1.655239
4.047057	1.671799
4.052939	1.660971
4.058821	1.673391
4.064704	1.664793
4.070586	1.668296
4.076469	1.677531
4.082351	1.659379
4.088233	1.665111
4.094116	1.669888
4.099998	1.666385
4.105880	1.671162
4.111763	1.651736
4.117645	1.679123
4.123527	1.650781
4.129410	1.669251
4.135292	1.710014
4.141174	1.615751
4.147057	1.681671
4.152939	1.648552
4.158821	1.672436
4.164704	1.661290
4.170586	1.669888
4.176468	1.670525
4.182351	1.617661
4.188233	1.684856
4.194116	1.674347
4.199998	1.606197
4.205880	1.693454
4.211763	1.646004
4.217645	1.664793
4.223527	1.662245
4.229410	1.664156
4.235292	1.679123
4.241174	1.658742
4.247057	1.653647
4.252939	1.675939
4.258821	1.660334
4.264704	1.677213
4.270586	1.646959
4.276468	1.676257
4.282351	1.662882
4.288233	1.641864
4.294116	1.686766
4.299998	1.654921
4.305880	1.633903
4.311763	1.688359
4.317645	1.641546
4.323527	1.669570
4.329410	1.667977
4.335292	1.650781
4.341174	1.683900
4.347057	1.661290
4.352939	1.660016
4.358821	1.650462
4.364704	1.652055
4.370586	1.674665
4.376468	1.644093
4.382351	1.667341
4.388233	1.647278
4.394115	1.679760
4.399998	1.658424
4.405880	1.656513
4.411763	1.688677
4.417645	1.653965
4.423527	1.669251
4.429410	1.674347
4.435292	1.654602
4.441174	1.676257
4.447057	1.675939
4.452939	1.656513
4.458821	1.670844
4.464704	1.647915
4.470586	1.646641
4.476468	1.672117
4.482351	1.653965
4.488233	1.663838
4.494115	1.671799
4.499998	1.650144
4.505880	1.665748
4.511762	1.653010
4.517645	1.668614
4.523527	1.660334
4.529409	1.679442
4.535292	1.671799
4.541174	1.644412
4.547057	1.683263
4.552939	1.652692
4.558821	1.667022
4.564704	1.643456
4.570586	1.664793
4.576468	1.672117
4.582351	1.636769
4.588233	1.659061
4.594115	1.692499
4.599998	1.643456
4.605880	1.678805
4.611762	1.650781
4.617645	1.659061
4.623527	1.670525
4.629409	1.657468
4.635292	1.678487
4.641174	1.670525
4.647056	1.655558
4.652939	1.666067
4.658821	1.643138
4.664704	1.674665
4.670586	1.660334
4.676468	1.671799
4.682351	1.654602
4.688233	1.676576
4.694115	1.665111
4.699998	1.657150
4.705880	1.677531
4.711762	1.652692
4.717645	1.674028
4.723527	1.668614
4.729409	1.621483
4.735292	1.682626
4.741174	1.649507
4.747056	1.659061
4.752939	1.668933
4.758821	1.651099
4.764703	1.663519
4.770586	1.637087
4.776468	1.667022
4.782351	1.652055
4.788233	1.639953
4.794115	1.677531
4.799998	1.648233
4.805880	1.683900
4.811762	1.649825
4.817645	1.643456
4.823527	1.681353
4.829409	1.696002
4.835292	1.653965
4.841174	1.699186
4.847056	1.674347
4.852939	1.663201
4.858821	1.672436
4.864703	1.611611
4.870586	1.671162
4.876468	1.640590
4.882350	1.660334
4.888233	1.674347
4.894115	1.647596
4.899998	1.672117
4.905880	1.634858
4.911762	1.672754
4.917645	1.646322
4.923527	1.671162
4.929409	1.671162
4.935292	1.655876
4.941174	1.670207
4.947056	1.670844
4.952939	1.665430
4.958821	1.671162
4.964703	1.644730
4.970586	1.672436
4.976468	1.660653
4.982350	1.635495
4.988233	1.675939
4.994115	1.661290
