0.000000	1.571803
0.005882	1.257805
0.011765	1.389009
0.017647	1.451427
0.023529	1.525627
0.029412	1.574670
0.035294	1.520850
0.041176	1.519258
0.047059	1.577217
0.052941	1.457477
0.058824	1.563842
0.064706	1.476903
0.070588	1.353342
0.076471	1.427224
0.082353	1.303663
0.088235	1.367354
0.094118	1.401111
0.100000	1.448561
0.105882	1.396971
0.111765	1.401429
0.117647	1.429453
0.123529	1.375315
0.129412	1.280097
0.135294	1.484865
0.141176	1.590911
0.147059	1.399518
0.152941	1.489960
0.158823	1.486457
0.164706	1.510341
0.170588	1.447924
0.176471	1.532315
0.182353	1.611929
0.188235	1.550148
0.194118	1.458751
0.200000	1.586771
0.205882	1.513526
0.211765	1.540913
0.217647	1.596006
0.223529	1.414486
0.229412	1.534862
0.235294	1.468305
0.241176	1.498240
0.247059	1.458114
0.252941	1.474037
0.258823	1.543461
0.264706	1.455885
0.270588	1.479769
0.276470	1.484228
0.282353	1.399837
0.288235	1.498558
0.294117	1.571485
0.300000	1.408753
0.305882	1.542505
0.311765	1.532952
0.317647	1.475629
0.323529	1.541550
0.329412	1.492189
0.335294	1.423402
0.341176	1.329458
0.347059	1.507794
0.352941	1.538047
0.358823	1.219272
0.364706	1.442191
0.370588	1.353660
0.376470	1.479451
0.382353	1.463847
0.388235	1.580720
0.394117	1.491552
0.400000	1.350476
0.405882	1.496648
0.411764	1.516073
0.417647	1.530722
0.423529	1.590911
0.429412	1.411620
0.435294	1.644412
0.441176	1.503017
0.447059	1.535499
0.452941	1.583268
0.458823	1.562250
0.464706	1.603012
0.470588	1.489960
0.476470	1.570530
0.482353	1.400155
0.488235	1.490915
0.494117	1.563205
0.500000	1.278505
0.505882	1.662882
0.511764	1.585179
0.517647	1.512570
0.523529	1.520850
0.529411	1.437415
0.535294	1.426587
0.541176	1.517666
0.547059	1.593459
0.552941	1.479451
0.558823	1.544416
0.564706	1.460662
0.570588	1.436459
0.576470	1.366717
0.582353	1.447924
0.588235	1.454611
0.594117	1.522124
0.600000	1.453974
0.605882	1.368946
0.611764	1.389328
0.617647	1.445058
0.623529	1.378500
0.629411	1.524672
0.635294	1.304618
0.641176	1.435822
0.647058	1.513844
0.652941	1.408435
0.658823	1.483909
0.664706	1.611929
0.670588	1.421810
0.676470	1.489005
0.682353	1.417989
0.688235	1.467031
0.694117	1.424039
0.700000	1.562887
0.705882	1.487412
0.711764	1.475948
0.717647	1.456522
0.723529	1.365125
0.729411	1.310350
0.735294	1.362896
0.741176	1.497921
0.747058	1.518303
0.752941	1.498877
0.758823	1.427224
0.764705	1.437733
0.770588	1.448242
0.776470	1.434230
0.782353	1.518303
0.788235	1.463210
0.794117	1.362577
0.800000	1.389646
0.805882	1.428498
0.811764	1.491234
0.817647	1.334235
0.823529	1.448561
0.829411	1.446650
0.835294	1.444739
0.841176	1.475311
0.847058	1.406524
0.852941	1.436459
0.858823	1.547601
0.864705	1.490915
0.870588	1.516073
0.876470	1.420218
0.882352	1.408435
0.888235	1.396652
0.894117	1.386461
0.900000	1.424039
0.905882	1.486139
0.911764	1.438688
0.917647	1.514163
0.923529	1.516710
0.929411	1.372768
0.935294	1.394423
0.941176	1.487731
0.947058	1.417033
0.952941	1.554607
0.958823	1.340285
0.964705	1.320859
0.970588	1.509704
0.976470	1.427542
0.982352	1.559065
0.988235	1.346973
0.994117	1.552378
0.999999	1.469897
1.005882	1.429135
1.011764	1.446331
1.017647	1.433912
1.023529	1.479451
1.029411	1.328184
1.035294	1.489005
1.041176	1.441236
1.047058	1.325318
1.052941	1.460344
1.058823	1.546008
1.064705	1.492508
1.070588	1.681034
1.076470	1.506838
1.082352	1.482317
1.088235	1.440281
1.094117	1.361940
1.099999	1.576262
1.105882	1.474674
1.111764	1.355253
1.117646	1.417352
1.123529	1.380092
1.129411	1.466713
1.135294	1.491871
1.141176	1.458114
1.147058	1.517666
1.152941	1.398244
1.158823	1.414804
1.164705	1.390283
1.170588	1.486457
1.176470	1.502061
1.182352	1.374997
1.188235	1.406843
1.194117	1.313853
1.199999	1.488686
1.205882	1.553651
1.211764	1.421810
1.217646	1.504927
1.223529	1.371494
1.229411	1.383595
1.235294	1.336145
1.241176	1.394104
1.247058	1.470534
1.252941	1.496329
1.258823	1.487731
1.264705	1.578173
1.270588	1.326592
1.276470	1.515118
1.282352	1.401111
1.288235	1.530404
1.294117	1.570211
1.299999	1.410664
1.305882	1.457796
1.311764	1.450153
1.317646	1.555244
1.323529	1.563842
1.329411	1.413212
1.335293	1.522124
1.341176	1.567027
1.347058	1.481999
1.352940	1.491234
1.358823	1.467986
1.364705	1.546327
1.370588	1.416078
1.376470	1.219590
1.382352	1.588363
1.388235	1.218316
1.394117	1.533589
1.399999	1.504927
1.405882	1.498240
1.411764	1.431682
1.417646	1.294746
1.423529	1.327547
1.429411	1.503335
1.435293	1.407798
1.441176	1.547601
1.447058	1.494418
1.452940	1.487094
1.458823	1.418307
1.464705	1.273409
1.470587	1.351750
1.476470	1.544735
1.482352	1.544416
1.488235	1.512570
1.494117	1.489323
1.499999	1.454293
1.505882	1.340604
1.511764	1.500788
1.517646	1.397607
1.523529	1.513526
1.529411	1.409390
1.535293	1.291243
1.541176	1.479451
1.547058	1.365762
1.552940	1.472126
1.558823	1.550148
1.564705	1.414804
1.570587	1.591229
1.576470	1.489960
1.582352	1.531678
1.588234	1.409709
1.594117	1.376908
1.599999	1.382640
1.605882	1.511297
1.611764	1.517029
1.617646	1.530722
1.623529	1.371494
1.629411	1.559702
1.635293	1.410346
1.641176	1.470534
1.647058	1.531678
1.652940	1.382003
1.658823	1.424358
1.664705	1.538365
1.670587	1.505246
1.676470	1.485502
1.682352	1.303663
1.688234	1.493463
1.694117	1.473719
1.699999	1.462573
1.705881	1.586134
1.711764	1.446331
1.717646	1.520532
1.723529	1.423721
1.729411	1.569574
1.735293	1.487094
1.741176	1.587089
1.747058	1.486775
1.752940	1.282008
1.758823	1.439962
1.764705	1.624667
1.770587	1.431682
1.776470	1.412893
1.782352	1.370857
1.788234	1.273091
1.794117	1.353342
1.799999	1.394741
1.805881	1.329776
1.811764	1.257168
1.817646	1.460025
1.823528	1.304618
1.829411	1.420855
1.835293	1.456840
1.841176	1.510341
1.847058	1.457477
1.852940	1.609700
1.858823	1.453019
1.864705	1.483909
1.870587	1.338374
1.876470	1.398563
1.882352	1.532952
1.888234	1.528812
1.894117	1.438688
1.899999	1.567345
1.905881	1.440918
1.911764	1.524035
1.917646	1.501106
1.923528	1.436141
1.929411	1.363851
1.935293	1.461617
1.941175	1.485183
1.947058	1.431364
1.952940	1.495374
1.958823	1.377545
1.964705	1.515755
1.970587	1.484865
1.976470	1.489960
1.982352	1.555881
1.988234	1.350476
1.994117	1.600146
1.999999	1.535818
2.005881	1.432956
2.011764	1.350157
2.017646	1.318630
2.023528	1.496329
2.029411	1.473719
2.035293	1.322770
2.041175	1.399518
2.047058	1.369583
2.052940	1.563842
2.058822	1.444421
2.064705	1.449516
2.070587	1.501743
2.076470	1.374360
2.082352	1.505883
2.088234	1.404614
2.094117	1.347610
2.099999	1.435504
2.105881	1.572440
2.111764	1.590274
2.117646	1.353660
2.123528	1.209399
2.129411	1.372449
2.135293	1.476266
2.141175	1.496648
2.147058	1.544098
2.152940	1.530722
2.158822	1.426269
2.164705	1.483272
2.170587	1.485820
2.176470	1.478177
2.182352	1.495055
2.188234	1.367673
2.194117	1.517666
2.199999	1.397607
2.205881	1.392831
2.211764	1.534544
2.217646	1.379455
2.223528	1.441236
2.229411	1.476585
2.235293	1.432319
2.241175	1.476903
2.247058	1.453974
2.252940	1.496011
2.258822	1.488686
2.264705	1.549511
2.270587	1.587726
2.276469	1.461617
2.282352	1.553651
2.288234	1.421492
2.294116	1.531996
2.299999	1.509067
2.305881	1.349520
2.311764	1.506520
2.317646	1.354934
2.323528	1.353342
2.329411	1.567027
2.335293	1.339967
2.341175	1.432638
2.347058	1.425950
2.352940	1.472763
2.358822	1.366080
2.364705	1.487094
2.370587	1.439644
2.376469	1.455567
2.382352	1.435185
2.388234	1.552378
2.394116	1.432319
2.399999	1.507157
2.405881	1.524672
2.411763	1.589000
2.417646	1.598235
2.423528	1.577854
2.429411	1.464802
2.435293	1.379455
2.441175	1.473719
2.447058	1.463847
2.452940	1.453656
2.458822	1.429772
2.464705	1.459070
2.470587	1.343470
2.476469	1.458114
2.482352	1.547282
2.488234	1.424995
2.494116	1.415123
2.499999	1.624986
2.505881	1.426906
2.511763	1.552059
2.517646	1.415123
2.523528	1.450471
2.529411	1.409072
2.535293	1.382003
2.541175	1.363533
2.547058	1.400155
2.552940	1.369265
2.558822	1.385825
2.564705	1.358756
2.570587	1.475311
2.576469	1.575625
2.582352	1.286148
2.588234	1.529449
2.594116	1.365125
2.599999	1.563524
2.605881	1.516392
2.611763	1.507794
2.617646	1.473400
2.623528	1.391557
2.629410	1.513844
2.635293	1.443784
2.641175	1.332005
2.647057	1.417033
2.652940	1.324999
2.658822	1.388054
2.664705	1.397926
2.670587	1.470853
2.676469	1.393149
2.682352	1.399200
2.688234	1.457796
2.694116	1.535818
2.699999	1.537092
2.705881	1.311943
2.711763	1.385188
2.717646	1.394423
2.723528	1.437096
2.729410	1.591229
2.735293	1.542824
2.741175	1.510023
2.747057	1.508749
2.752940	1.411620
2.758822	1.484228
2.764704	1.444102
2.770587	1.578810
2.776469	1.525627
2.782352	1.474356
2.788234	1.531041
2.794116	1.456522
2.799999	1.448561
2.805881	1.587726
2.811763	1.364169
2.817646	1.617980
2.823528	1.581357
2.829410	1.496011
2.835293	1.495055
2.841175	1.525309
2.847057	1.544416
2.852940	1.461299
2.858822	1.413849
2.864704	1.511615
2.870587	1.399518
2.876469	1.412575
2.882351	1.416078
2.888234	1.507157
2.894116	1.512570
2.899999	1.501424
2.905881	1.556518
2.911763	1.511615
2.917646	1.412256
2.923528	1.324681
2.929410	1.419899
2.935293	1.437415
2.941175	1.512570
2.947057	1.437733
2.952940	1.500788
2.958822	1.337101
2.964704	1.328821
2.970587	1.355890
2.976469	1.439962
2.982351	1.439325
2.988234	1.315764
2.994116	1.459388
2.999998	1.401747
3.005881	1.444102
3.011763	1.581994
3.017646	1.343151
3.023528	1.325318
3.029410	1.615751
3.035293	1.588363
3.041175	1.457159
3.047057	1.447924
3.052940	1.331050
3.058822	1.377863
3.064704	1.434230
3.070587	1.474037
3.076469	1.346017
3.082351	1.381048
3.088234	1.432956
3.094116	1.271180
3.099998	1.508112
3.105881	1.494418
3.111763	1.466713
3.117646	1.355571
3.123528	1.410664
3.129410	1.336145
3.135293	1.299523
3.141175	1.419581
3.147057	1.585816
3.152940	1.460344
3.158822	1.509067
3.164704	1.612884
3.170587	1.379137
3.176469	1.582631
3.182351	1.491234
3.188234	1.486457
3.194116	1.548875
3.199998	1.410983
3.205881	1.605560
3.211763	1.362259
3.217645	1.489642
3.223528	1.518940
3.229410	1.346973
3.235292	1.430090
3.241175	1.390920
3.247057	1.453974
3.252940	1.574988
3.258822	1.404932
3.264704	1.429453
3.270587	1.328821
3.276469	1.479451
3.282351	1.390601
3.288234	1.384869
3.294116	1.579765
3.299998	1.564160
3.305881	1.506520
3.311763	1.580720
3.317645	1.537410
3.323528	1.461936
3.329410	1.564479
3.335292	1.305255
3.341175	1.558110
3.347057	1.489960
3.352939	1.456522
3.358822	1.385825
3.364704	1.475629
3.370587	1.360985
3.376469	1.443147
3.382351	1.467350
3.388234	1.431682
3.394116	1.495692
3.399998	1.489960
3.405881	1.510978
3.411763	1.494418
3.417645	1.407480
3.423528	1.400474
3.429410	1.384551
3.435292	1.343788
3.441175	1.432638
3.447057	1.498877
3.452939	1.353979
3.458822	1.447924
3.464704	1.366080
3.470587	1.430409
3.476469	1.471808
3.482351	1.471808
3.488234	1.524672
3.494116	1.329776
3.499998	1.394741
3.505881	1.546327
3.511763	1.370857
3.517645	1.561613
3.523528	1.553014
3.529410	1.424039
3.535292	1.267677
3.541175	1.263537
3.547057	1.474356
3.552939	1.533589
3.558822	1.506520
3.564704	1.460025
3.570586	1.531996
3.576469	1.522761
3.582351	1.395697
3.588233	1.598554
3.594116	1.431364
3.599998	1.372768
3.605881	1.552696
3.611763	1.513844
3.617645	1.545690
3.623528	1.270225
3.629410	1.398881
3.635292	1.496011
3.641175	1.380092
3.647057	1.544735
3.652939	1.552059
3.658822	1.434548
3.664704	1.480406
3.670586	1.488049
3.676469	1.415441
3.682351	1.456204
3.688233	1.548238
3.694116	1.330413
3.699998	1.474356
3.705880	1.531041
3.711763	1.407480
3.717645	1.524035
3.723528	1.425950
3.729410	1.502061
3.735292	1.481680
3.741175	1.408117
3.747057	1.426269
3.752939	1.381366
3.758822	1.451427
3.764704	1.451427
3.770586	1.403977
3.776469	1.519258
3.782351	1.492189
3.788233	1.473082
3.794116	1.476585
3.799998	1.588363
3.805880	1.360666
3.811763	1.417670
3.817645	1.330413
3.823527	1.406524
3.829410	1.330095
3.835292	1.422766
3.841175	1.560339
3.847057	1.444421
3.852939	1.287421
3.858822	1.429453
3.864704	1.378182
3.870586	1.530404
3.876469	1.618298
3.882351	1.335190
3.888233	1.438370
3.894116	1.494418
3.899998	1.495692
3.905880	1.508749
3.911763	1.548238
3.917645	1.569893
3.923527	1.519577
3.929410	1.516073
3.935292	1.443147
3.941174	1.377545
3.947057	1.517347
3.952939	1.610974
3.958822	1.498877
3.964704	1.478814
3.970586	1.499832
3.976469	1.467350
3.982351	1.362577
3.988233	1.538047
3.994116	1.471808
3.999998	1.469579
4.005880	1.507794
4.011763	1.300797
4.017645	1.391875
4.023527	1.362259
4.029410	1.336145
4.035292	1.466394
4.041174	1.499514
4.047057	1.408117
4.052939	1.479451
4.058821	1.381366
4.064704	1.439962
4.070586	1.379137
4.076469	1.504927
4.082351	1.554607
4.088233	1.491871
4.094116	1.418307
4.099998	1.323089
4.105880	1.526901
4.111763	1.500788
4.117645	1.378182
4.123527	1.407480
4.129410	1.427861
4.135292	1.485820
4.141174	1.388691
4.147057	1.434548
4.152939	1.575625
4.158821	1.291880
4.164704	1.283918
4.170586	1.299523
4.176468	1.460980
4.182351	1.517666
4.188233	1.341559
4.194116	1.553014
4.199998	1.415123
4.205880	1.438052
4.211763	1.479132
4.217645	1.475629
4.223527	1.476903
4.229410	1.415441
4.235292	1.512570
4.241174	1.321496
4.247057	1.405569
4.252939	1.485183
4.258821	1.543142
4.264704	1.404932
4.270586	1.501424
4.276468	1.423721
4.282351	1.498240
4.288233	1.526264
4.294116	1.489642
4.299998	1.514163
4.305880	1.393149
4.311763	1.493463
4.317645	1.314172
4.323527	1.307484
4.329410	1.636769
4.335292	1.610337
4.341174	1.367354
4.347057	1.362259
4.352939	1.394104
4.358821	1.489005
4.364704	1.442510
4.370586	1.509386
4.376468	1.499514
4.382351	1.457796
4.388233	1.439962
4.394115	1.508431
4.399998	1.463847
4.405880	1.349839
4.411763	1.498558
4.417645	1.450790
4.423527	1.487094
4.429410	1.517666
4.435292	1.586452
4.441174	1.497285
4.447057	1.482317
4.452939	1.453656
4.458821	1.467350
4.464704	1.203030
4.470586	1.369902
4.476468	1.424039
4.482351	1.330413
4.488233	1.409709
4.494115	1.460344
4.499998	1.429453
4.505880	1.583268
4.511762	1.424039
4.517645	1.291880
4.523527	1.540595
4.529409	1.361622
4.535292	1.435822
4.541174	1.506520
4.547057	1.491234
4.552939	1.400792
4.558821	1.438688
4.564704	1.522124
4.570586	1.472445
4.576468	1.538365
4.582351	1.545053
4.588233	1.530086
4.594115	1.458114
4.599998	1.268632
4.605880	1.395378
4.611762	1.579765
4.617645	1.373086
4.623527	1.496648
4.629409	1.512889
4.635292	1.566071
4.641174	1.411938
4.647056	1.536773
4.652939	1.393786
4.658821	1.414486
4.664704	1.456204
4.670586	1.510660
4.676468	1.535818
4.682351	1.460344
4.688233	1.475948
4.694115	1.553333
4.699998	1.276594
4.705880	1.415760
4.711762	1.473082
4.717645	1.484546
4.723527	1.611929
4.729409	1.464165
4.735292	1.571167
4.741174	1.478496
4.747056	1.558428
4.752939	1.539002
4.758821	1.407161
4.764703	1.525946
4.770586	1.533589
4.776468	1.551741
4.782351	1.439007
4.788233	1.321178
4.794115	1.413849
4.799998	1.443465
4.805880	1.539639
4.811762	1.458751
4.817645	1.482954
4.823527	1.532952
4.829409	1.483272
4.835292	1.416078
4.841174	1.486457
4.847056	1.251436
4.852939	1.469260
4.858821	1.391875
4.864703	1.445058
4.870586	1.447287
4.876468	1.400792
4.882350	1.413530
4.888233	1.534544
4.894115	1.495374
4.899998	1.531041
4.905880	1.464483
4.911762	1.439644
4.917645	1.482954
4.923527	1.469579
4.929409	1.466394
4.935292	1.486457
4.941174	1.463210
4.947056	1.583586
4.952939	1.563842
4.958821	1.413530
4.964703	1.616069
4.970586	1.481999
4.976468	1.581676
4.982350	1.510023
4.988233	1.538365
4.994115	1.634539
