LabVIEW Measurement	
Writer_Version	2
Reader_Version	2
Separator	Tab
Decimal_Separator	.
Multi_Headings	Yes
X_Columns	One
Time_Pref	Absolute
Operator	labuser
Date	1904/01/01
Time	01:00:00
***End_of_Header***	
	
Channels	1	
Samples	850	
Date	2022/05/23	
Time	18:17:04.1706250499999149262	
Y_Unit_Label	Volts	
X_Dimension	Time	
X0	0.0000000000000000E+0	
Delta_X	0.005882	
***End_of_Header***		
X_Value	Voltage	Comment
0.000000	1.619572
0.005882	1.619254
0.011765	1.619572
0.017647	1.620527
0.023529	1.619254
0.029412	1.618935
0.035294	1.620209
0.041176	1.619572
0.047059	1.620209
0.052941	1.619890
0.058824	1.619254
0.064706	1.619254
0.070588	1.620209
0.076471	1.619890
0.082353	1.619572
0.088235	1.619890
0.094118	1.620527
0.100000	1.620527
0.105882	1.619890
0.111765	1.620527
0.117647	1.619572
0.123529	1.620209
0.129412	1.619572
0.135294	1.619254
0.141176	1.619890
0.147059	1.619890
0.152941	1.619572
0.158823	1.619890
0.164706	1.619890
0.170588	1.619572
0.176471	1.620527
0.182353	1.621801
0.188235	1.618617
0.194118	1.620209
0.200000	1.620527
0.205882	1.619890
0.211765	1.619572
0.217647	1.619572
0.223529	1.618617
0.229412	1.619890
0.235294	1.620846
0.241176	1.619254
0.247059	1.620209
0.252941	1.619572
0.258823	1.619890
0.264706	1.619572
0.270588	1.619572
0.276470	1.618935
0.282353	1.619254
0.288235	1.619572
0.294117	1.618935
0.300000	1.619572
0.305882	1.618617
0.311765	1.618617
0.317647	1.619572
0.323529	1.619890
0.329412	1.618935
0.335294	1.619890
0.341176	1.620527
0.347059	1.619254
0.352941	1.620527
0.358823	1.619572
0.364706	1.618935
0.370588	1.619890
0.376470	1.619254
0.382353	1.619254
0.388235	1.618935
0.394117	1.619890
0.400000	1.618617
0.405882	1.618935
0.411764	1.618935
0.417647	1.619572
0.423529	1.618935
0.429412	1.619572
0.435294	1.619254
0.441176	1.619254
0.447059	1.619890
0.452941	1.618935
0.458823	1.618935
0.464706	1.619254
0.470588	1.618935
0.476470	1.618298
0.482353	1.620209
0.488235	1.618617
0.494117	1.618617
0.500000	1.619890
0.505882	1.618617
0.511764	1.619572
0.517647	1.618935
0.523529	1.619572
0.529411	1.619254
0.535294	1.619254
0.541176	1.618935
0.547059	1.619254
0.552941	1.619890
0.558823	1.619572
0.564706	1.619572
0.570588	1.620209
0.576470	1.620209
0.582353	1.619254
0.588235	1.618935
0.594117	1.619572
0.600000	1.618935
0.605882	1.618935
0.611764	1.618935
0.617647	1.618298
0.623529	1.618617
0.629411	1.618935
0.635294	1.619254
0.641176	1.618617
0.647058	1.619890
0.652941	1.618935
0.658823	1.619254
0.664706	1.619572
0.670588	1.619572
0.676470	1.619572
0.682353	1.619254
0.688235	1.619572
0.694117	1.618298
0.700000	1.619254
0.705882	1.618935
0.711764	1.618935
0.717647	1.619572
0.723529	1.619890
0.729411	1.619890
0.735294	1.618935
0.741176	1.620846
0.747058	1.619572
0.752941	1.619572
0.758823	1.619890
0.764705	1.618935
0.770588	1.619254
0.776470	1.620527
0.782353	1.619572
0.788235	1.617980
0.794117	1.618935
0.800000	1.619254
0.805882	1.619572
0.811764	1.619572
0.817647	1.619572
0.823529	1.618617
0.829411	1.618935
0.835294	1.619890
0.841176	1.618617
0.847058	1.619572
0.852941	1.619254
0.858823	1.618617
0.864705	1.619254
0.870588	1.618935
0.876470	1.618617
0.882352	1.619254
0.888235	1.620846
0.894117	1.618935
0.900000	1.619254
0.905882	1.619890
0.911764	1.618935
0.917647	1.619572
0.923529	1.620846
0.929411	1.619572
0.935294	1.618935
0.941176	1.619890
0.947058	1.618935
0.952941	1.619890
0.958823	1.619572
0.964705	1.619572
0.970588	1.619254
0.976470	1.619572
0.982352	1.618298
0.988235	1.618935
0.994117	1.619254
0.999999	1.618298
1.005882	1.619890
1.011764	1.619890
1.017647	1.619572
1.023529	1.619572
1.029411	1.620527
1.035294	1.619254
1.041176	1.619890
1.047058	1.620209
1.052941	1.619572
1.058823	1.621483
1.064705	1.619890
1.070588	1.620209
1.076470	1.620527
1.082352	1.619572
1.088235	1.619572
1.094117	1.619890
1.099999	1.619254
1.105882	1.618935
1.111764	1.620527
1.117646	1.619572
1.123529	1.620846
1.129411	1.619572
1.135294	1.618935
1.141176	1.620527
1.147058	1.619572
1.152941	1.619572
1.158823	1.619572
1.164705	1.620846
1.170588	1.619254
1.176470	1.619572
1.182352	1.619572
1.188235	1.618617
1.194117	1.618935
1.199999	1.619890
1.205882	1.619572
1.211764	1.619572
1.217646	1.620846
1.223529	1.619572
1.229411	1.619572
1.235294	1.619890
1.241176	1.620527
1.247058	1.619572
1.252941	1.619572
1.258823	1.618617
1.264705	1.618935
1.270588	1.619572
1.276470	1.618617
1.282352	1.618935
1.288235	1.618935
1.294117	1.619254
1.299999	1.619254
1.305882	1.619572
1.311764	1.619572
1.317646	1.619254
1.323529	1.619254
1.329411	1.618935
1.335293	1.618935
1.341176	1.618935
1.347058	1.618298
1.352940	1.617343
1.358823	1.618298
1.364705	1.619890
1.370588	1.618298
1.376470	1.619254
1.382352	1.618935
1.388235	1.618935
1.394117	1.618298
1.399999	1.619254
1.405882	1.617661
1.411764	1.617661
1.417646	1.618298
1.423529	1.617980
1.429411	1.618298
1.435293	1.618298
1.441176	1.617980
1.447058	1.618298
1.452940	1.618298
1.458823	1.618298
1.464705	1.617980
1.470587	1.617980
1.476470	1.617661
1.482352	1.618298
1.488235	1.618298
1.494117	1.618298
1.499999	1.617024
1.505882	1.617024
1.511764	1.618617
1.517646	1.617343
1.523529	1.617980
1.529411	1.618617
1.535293	1.617980
1.541176	1.617980
1.547058	1.618617
1.552940	1.618298
1.558823	1.617024
1.564705	1.618298
1.570587	1.617024
1.576470	1.617980
1.582352	1.617024
1.588234	1.617024
1.594117	1.616706
1.599999	1.617024
1.605882	1.617661
1.611764	1.617024
1.617646	1.617980
1.623529	1.618298
1.629411	1.617343
1.635293	1.617661
1.641176	1.617980
1.647058	1.617024
1.652940	1.617024
1.658823	1.618298
1.664705	1.616387
1.670587	1.617024
1.676470	1.616706
1.682352	1.617661
1.688234	1.616706
1.694117	1.618298
1.699999	1.617024
1.705881	1.617024
1.711764	1.617343
1.717646	1.617024
1.723529	1.617343
1.729411	1.617343
1.735293	1.617980
1.741176	1.617343
1.747058	1.617343
1.752940	1.618935
1.758823	1.617980
1.764705	1.618298
1.770587	1.618298
1.776470	1.618617
1.782352	1.617980
1.788234	1.617343
1.794117	1.617980
1.799999	1.617343
1.805881	1.618617
1.811764	1.617024
1.817646	1.618298
1.823528	1.617661
1.829411	1.618298
1.835293	1.618617
1.841176	1.619254
1.847058	1.618298
1.852940	1.617343
1.858823	1.618935
1.864705	1.618298
1.870587	1.618617
1.876470	1.618298
1.882352	1.617343
1.888234	1.617661
1.894117	1.618298
1.899999	1.617980
1.905881	1.617024
1.911764	1.618617
1.917646	1.617661
1.923528	1.618298
1.929411	1.618935
1.935293	1.617980
1.941175	1.617980
1.947058	1.617980
1.952940	1.619254
1.958823	1.617980
1.964705	1.618617
1.970587	1.617980
1.976470	1.618298
1.982352	1.617980
1.988234	1.618298
1.994117	1.618935
1.999999	1.616706
2.005881	1.618935
2.011764	1.618617
2.017646	1.618935
2.023528	1.618935
2.029411	1.618935
2.035293	1.618617
2.041175	1.618298
2.047058	1.619254
2.052940	1.618617
2.058822	1.617980
2.064705	1.617980
2.070587	1.618298
2.076470	1.617661
2.082352	1.618617
2.088234	1.619572
2.094117	1.618935
2.099999	1.618617
2.105881	1.618617
2.111764	1.618935
2.117646	1.618617
2.123528	1.618935
2.129411	1.619572
2.135293	1.618298
2.141175	1.618935
2.147058	1.618298
2.152940	1.618935
2.158822	1.618935
2.164705	1.618935
2.170587	1.618298
2.176470	1.618617
2.182352	1.619890
2.188234	1.618617
2.194117	1.619572
2.199999	1.619254
2.205881	1.619572
2.211764	1.618935
2.217646	1.619572
2.223528	1.618935
2.229411	1.617980
2.235293	1.620209
2.241175	1.617980
2.247058	1.618617
2.252940	1.618935
2.258822	1.618617
2.264705	1.618617
2.270587	1.618617
2.276469	1.620209
2.282352	1.618935
2.288234	1.618935
2.294116	1.619572
2.299999	1.619254
2.305881	1.619254
2.311764	1.620209
2.317646	1.619572
2.323528	1.618617
2.329411	1.620209
2.335293	1.618617
2.341175	1.619890
2.347058	1.619890
2.352940	1.619572
2.358822	1.618935
2.364705	1.618617
2.370587	1.619254
2.376469	1.617980
2.382352	1.619572
2.388234	1.618617
2.394116	1.618935
2.399999	1.618935
2.405881	1.618617
2.411763	1.618298
2.417646	1.618935
2.423528	1.619890
2.429411	1.618298
2.435293	1.619572
2.441175	1.618935
2.447058	1.618935
2.452940	1.618935
2.458822	1.618617
2.464705	1.618617
2.470587	1.617980
2.476469	1.619890
2.482352	1.619254
2.488234	1.618298
2.494116	1.618617
2.499999	1.619254
2.505881	1.618617
2.511763	1.618935
2.517646	1.619572
2.523528	1.618298
2.529411	1.618298
2.535293	1.618617
2.541175	1.617024
2.547058	1.617980
2.552940	1.618617
2.558822	1.618617
2.564705	1.617661
2.570587	1.618617
2.576469	1.618617
2.582352	1.619254
2.588234	1.618935
2.594116	1.618935
2.599999	1.618935
2.605881	1.617343
2.611763	1.619254
2.617646	1.618298
2.623528	1.619254
2.629410	1.618617
2.635293	1.618617
2.641175	1.618298
2.647057	1.618935
2.652940	1.618935
2.658822	1.618298
2.664705	1.619572
2.670587	1.618617
2.676469	1.618935
2.682352	1.618298
2.688234	1.618617
2.694116	1.617661
2.699999	1.618935
2.705881	1.619254
2.711763	1.617980
2.717646	1.618935
2.723528	1.618298
2.729410	1.617980
2.735293	1.618617
2.741175	1.618935
2.747057	1.618935
2.752940	1.619254
2.758822	1.619572
2.764704	1.617661
2.770587	1.618298
2.776469	1.618298
2.782352	1.618298
2.788234	1.617343
2.794116	1.618298
2.799999	1.617980
2.805881	1.618617
2.811763	1.618298
2.817646	1.618298
2.823528	1.618617
2.829410	1.618298
2.835293	1.619572
2.841175	1.618298
2.847057	1.618298
2.852940	1.618935
2.858822	1.618298
2.864704	1.618935
2.870587	1.618617
2.876469	1.618298
2.882351	1.617980
2.888234	1.618935
2.894116	1.618298
2.899999	1.618298
2.905881	1.619254
2.911763	1.618617
2.917646	1.618617
2.923528	1.618617
2.929410	1.619254
2.935293	1.617661
2.941175	1.618617
2.947057	1.618935
2.952940	1.617661
2.958822	1.618617
2.964704	1.617980
2.970587	1.618298
2.976469	1.618617
2.982351	1.618935
2.988234	1.619254
2.994116	1.618617
2.999998	1.619254
3.005881	1.618935
3.011763	1.619572
3.017646	1.618935
3.023528	1.618935
3.029410	1.618617
3.035293	1.619572
3.041175	1.619254
3.047057	1.618935
3.052940	1.620209
3.058822	1.619572
3.064704	1.619572
3.070587	1.619572
3.076469	1.619572
3.082351	1.619572
3.088234	1.619572
3.094116	1.619890
3.099998	1.618617
3.105881	1.619254
3.111763	1.619572
3.117646	1.617980
3.123528	1.618298
3.129410	1.618935
3.135293	1.618617
3.141175	1.617980
3.147057	1.618935
3.152940	1.618935
3.158822	1.618617
3.164704	1.617980
3.170587	1.619254
3.176469	1.619572
3.182351	1.618298
3.188234	1.619254
3.194116	1.617980
3.199998	1.617980
3.205881	1.618617
3.211763	1.619254
3.217645	1.618935
3.223528	1.618617
3.229410	1.619572
3.235292	1.617980
3.241175	1.618298
3.247057	1.618298
3.252940	1.618298
3.258822	1.618617
3.264704	1.618298
3.270587	1.619254
3.276469	1.618617
3.282351	1.618935
3.288234	1.618935
3.294116	1.618617
3.299998	1.618617
3.305881	1.619572
3.311763	1.619572
3.317645	1.617980
3.323528	1.619572
3.329410	1.619254
3.335292	1.618935
3.341175	1.619572
3.347057	1.619254
3.352939	1.618298
3.358822	1.618298
3.364704	1.618935
3.370587	1.619254
3.376469	1.618298
3.382351	1.618935
3.388234	1.618935
3.394116	1.618935
3.399998	1.617980
3.405881	1.619572
3.411763	1.618935
3.417645	1.618617
3.423528	1.619572
3.429410	1.618617
3.435292	1.617980
3.441175	1.618298
3.447057	1.618617
3.452939	1.617980
3.458822	1.618935
3.464704	1.618935
3.470587	1.618298
3.476469	1.618935
3.482351	1.619572
3.488234	1.618935
3.494116	1.618298
3.499998	1.619572
3.505881	1.618617
3.511763	1.618935
3.517645	1.619254
3.523528	1.619890
3.529410	1.618298
3.535292	1.617661
3.541175	1.618617
3.547057	1.618298
3.552939	1.618298
3.558822	1.618617
3.564704	1.618935
3.570586	1.617661
3.576469	1.617024
3.582351	1.617980
3.588233	1.617661
3.594116	1.618298
3.599998	1.617980
3.605881	1.617980
3.611763	1.617343
3.617645	1.617343
3.623528	1.618298
3.629410	1.617980
3.635292	1.618298
3.641175	1.618617
3.647057	1.618298
3.652939	1.617661
3.658822	1.617980
3.664704	1.618935
3.670586	1.617980
3.676469	1.618935
3.682351	1.617661
3.688233	1.617980
3.694116	1.618298
3.699998	1.617980
3.705880	1.618617
3.711763	1.617661
3.717645	1.618298
3.723528	1.618298
3.729410	1.618298
3.735292	1.617980
3.741175	1.617980
3.747057	1.618617
3.752939	1.617980
3.758822	1.617980
3.764704	1.617661
3.770586	1.617661
3.776469	1.617024
3.782351	1.618617
3.788233	1.618298
3.794116	1.617980
3.799998	1.618935
3.805880	1.618617
3.811763	1.618617
3.817645	1.617980
3.823527	1.618935
3.829410	1.618298
3.835292	1.617661
3.841175	1.618935
3.847057	1.618298
3.852939	1.617980
3.858822	1.619254
3.864704	1.618935
3.870586	1.618935
3.876469	1.618298
3.882351	1.619254
3.888233	1.618298
3.894116	1.618617
3.899998	1.617980
3.905880	1.618298
3.911763	1.617343
3.917645	1.617980
3.923527	1.618298
3.929410	1.617980
3.935292	1.618298
3.941174	1.618298
3.947057	1.618617
3.952939	1.618935
3.958822	1.618617
3.964704	1.618935
3.970586	1.617343
3.976469	1.618617
3.982351	1.618298
3.988233	1.617024
3.994116	1.617980
3.999998	1.617661
4.005880	1.617980
4.011763	1.617661
4.017645	1.617980
4.023527	1.618298
4.029410	1.618617
4.035292	1.618298
4.041174	1.618617
4.047057	1.618298
4.052939	1.617024
4.058821	1.617661
4.064704	1.617024
4.070586	1.617980
4.076469	1.618298
4.082351	1.618298
4.088233	1.617343
4.094116	1.617024
4.099998	1.618298
4.105880	1.617024
4.111763	1.617980
4.117645	1.617980
4.123527	1.617343
4.129410	1.617024
4.135292	1.616706
4.141174	1.617661
4.147057	1.616387
4.152939	1.618298
4.158821	1.617024
4.164704	1.617343
4.170586	1.617024
4.176468	1.617343
4.182351	1.618298
4.188233	1.617024
4.194116	1.618617
4.199998	1.617343
4.205880	1.617980
4.211763	1.617343
4.217645	1.618298
4.223527	1.617024
4.229410	1.616706
4.235292	1.617980
4.241174	1.616387
4.247057	1.616706
4.252939	1.618298
4.258821	1.617980
4.264704	1.617343
4.270586	1.617024
4.276468	1.617980
4.282351	1.618298
4.288233	1.617343
4.294116	1.617980
4.299998	1.617980
4.305880	1.617343
4.311763	1.617024
4.317645	1.618617
4.323527	1.618617
4.329410	1.618298
4.335292	1.618298
4.341174	1.618298
4.347057	1.618617
4.352939	1.618617
4.358821	1.619572
4.364704	1.617980
4.370586	1.618298
4.376468	1.618298
4.382351	1.618617
4.388233	1.617343
4.394115	1.618298
4.399998	1.617661
4.405880	1.617024
4.411763	1.618935
4.417645	1.617980
4.423527	1.619254
4.429410	1.618935
4.435292	1.618617
4.441174	1.618617
4.447057	1.618617
4.452939	1.619254
4.458821	1.617980
4.464704	1.618935
4.470586	1.617343
4.476468	1.617980
4.482351	1.618298
4.488233	1.618617
4.494115	1.617980
4.499998	1.618935
4.505880	1.617343
4.511762	1.617343
4.517645	1.618935
4.523527	1.617980
4.529409	1.618298
4.535292	1.618298
4.541174	1.618298
4.547057	1.617661
4.552939	1.618298
4.558821	1.617661
4.564704	1.617024
4.570586	1.618617
4.576468	1.617343
4.582351	1.617343
4.588233	1.617343
4.594115	1.618298
4.599998	1.617661
4.605880	1.617024
4.611762	1.618298
4.617645	1.617980
4.623527	1.617661
4.629409	1.617980
4.635292	1.617980
4.641174	1.617980
4.647056	1.618935
4.652939	1.617980
4.658821	1.617980
4.664704	1.618298
4.670586	1.618617
4.676468	1.617980
4.682351	1.618935
4.688233	1.617661
4.694115	1.617343
4.699998	1.618298
4.705880	1.617980
4.711762	1.617343
4.717645	1.618617
4.723527	1.618298
4.729409	1.618298
4.735292	1.617661
4.741174	1.618298
4.747056	1.617980
4.752939	1.617980
4.758821	1.617980
4.764703	1.617024
4.770586	1.617980
4.776468	1.617980
4.782351	1.618298
4.788233	1.617980
4.794115	1.618298
4.799998	1.618617
4.805880	1.616706
4.811762	1.617980
4.817645	1.617343
4.823527	1.618298
4.829409	1.617980
4.835292	1.617980
4.841174	1.617343
4.847056	1.617343
4.852939	1.618298
4.858821	1.617980
4.864703	1.617343
4.870586	1.617343
4.876468	1.617343
4.882350	1.617024
4.888233	1.617661
4.894115	1.617343
4.899998	1.616706
4.905880	1.618298
4.911762	1.617661
4.917645	1.617024
4.923527	1.617661
4.929409	1.617980
4.935292	1.617343
4.941174	1.617024
4.947056	1.618935
4.952939	1.617343
4.958821	1.617343
4.964703	1.617661
4.970586	1.617980
4.976468	1.617661
4.982350	1.617343
4.988233	1.617980
4.994115	1.617343

