0.000000	0.001174
0.005882	-0.000419
0.011765	0.000537
0.017647	0.000537
0.023529	0.000218
0.029412	0.000537
0.035294	0.000537
0.041176	0.000855
0.047059	0.000537
0.052941	0.000218
0.058824	0.001174
0.064706	0.000537
0.070588	0.000855
0.076471	-0.000100
0.082353	0.000537
0.088235	0.001174
0.094118	0.000537
0.100000	0.000218
0.105882	-0.000100
0.111765	0.000537
0.117647	-0.000419
0.123529	0.000537
0.129412	0.000537
0.135294	-0.000100
0.141176	0.000537
0.147059	0.000218
0.152941	0.000855
0.158823	0.000537
0.164706	-0.000419
0.170588	0.000537
0.176471	0.000537
0.182353	0.000537
0.188235	0.000218
0.194118	0.000218
0.200000	0.001492
0.205882	0.000537
0.211765	-0.000100
0.217647	0.000218
0.223529	0.000218
0.229412	0.000218
0.235294	-0.000419
0.241176	0.000855
0.247059	-0.000100
0.252941	-0.000100
0.258823	0.000537
0.264706	0.000218
0.270588	0.001174
0.276470	0.000537
0.282353	0.000537
0.288235	0.000218
0.294117	0.000537
0.300000	0.000537
0.305882	0.000537
0.311765	0.000537
0.317647	0.000218
0.323529	-0.000100
0.329412	0.000537
0.335294	0.000537
0.341176	0.000855
0.347059	0.000218
0.352941	0.000537
0.358823	0.000218
0.364706	0.000218
0.370588	0.000855
0.376470	0.000218
0.382353	0.000218
0.388235	0.000537
0.394117	0.000218
0.400000	0.000855
0.405882	0.000218
0.411764	0.000537
0.417647	0.000537
0.423529	0.000537
0.429412	0.000537
0.435294	-0.000100
0.441176	0.000537
0.447059	0.000218
0.452941	0.000537
0.458823	0.000218
0.464706	0.000537
0.470588	0.000218
0.476470	0.000537
0.482353	0.000537
0.488235	0.001174
0.494117	-0.000419
0.500000	0.001174
0.505882	0.000218
0.511764	0.000855
0.517647	0.000537
0.523529	0.000218
0.529411	0.000537
0.535294	0.000537
0.541176	0.000537
0.547059	0.000537
0.552941	0.000218
0.558823	0.000537
0.564706	0.000537
0.570588	0.000855
0.576470	0.000855
0.582353	0.000218
0.588235	0.001174
0.594117	-0.000100
0.600000	0.000537
0.605882	0.000855
0.611764	0.000218
0.617647	-0.000100
0.623529	0.000218
0.629411	0.000537
0.635294	-0.000100
0.641176	0.000218
0.647058	-0.000100
0.652941	0.000537
0.658823	0.000537
0.664706	0.000537
0.670588	-0.000100
0.676470	0.000537
0.682353	0.000218
0.688235	0.000855
0.694117	-0.000419
0.700000	0.000218
0.705882	-0.001056
0.711764	0.000537
0.717647	-0.000100
0.723529	0.000855
0.729411	0.001492
0.735294	-0.000419
0.741176	0.001174
0.747058	0.000218
0.752941	0.000855
0.758823	0.000537
0.764705	0.000537
0.770588	0.000537
0.776470	-0.000419
0.782353	0.001174
0.788235	0.000537
0.794117	-0.000100
0.800000	-0.000100
0.805882	-0.000100
0.811764	0.000218
0.817647	0.000218
0.823529	0.000218
0.829411	0.000218
0.835294	0.001492
0.841176	0.000855
0.847058	0.000218
0.852941	0.001174
0.858823	-0.000100
0.864705	0.000537
0.870588	0.000537
0.876470	0.000218
0.882352	0.000537
0.888235	-0.000100
0.894117	-0.000100
0.900000	0.001174
0.905882	0.000218
0.911764	0.000855
0.917647	-0.000419
0.923529	0.000218
0.929411	0.000537
0.935294	0.000218
0.941176	0.000537
0.947058	-0.000419
0.952941	0.001174
0.958823	0.000537
0.964705	-0.000100
0.970588	0.001174
0.976470	0.000537
0.982352	0.000537
0.988235	0.000537
0.994117	0.000218
0.999999	0.000855
1.005882	-0.000100
1.011764	0.000218
1.017647	-0.000100
1.023529	-0.000100
1.029411	0.000218
1.035294	0.000218
1.041176	-0.000419
1.047058	0.001174
1.052941	0.000218
1.058823	0.000218
1.064705	-0.000419
1.070588	0.000218
1.076470	0.000537
1.082352	-0.000100
1.088235	0.000218
1.094117	0.000218
1.099999	0.000855
1.105882	-0.000100
1.111764	0.000855
1.117646	-0.000419
1.123529	0.001174
1.129411	0.000218
1.135294	0.001174
1.141176	0.000218
1.147058	-0.000100
1.152941	0.000855
1.158823	0.000218
1.164705	0.000218
1.170588	0.000218
1.176470	-0.000100
1.182352	0.000537
1.188235	-0.000100
1.194117	0.000537
1.199999	-0.000419
1.205882	-0.001374
1.211764	0.000218
1.217646	-0.000419
1.223529	0.000855
1.229411	0.000855
1.235294	-0.000419
1.241176	0.000218
1.247058	-0.000100
1.252941	0.000537
1.258823	0.000218
1.264705	-0.000737
1.270588	0.000537
1.276470	0.000218
1.282352	0.000218
1.288235	0.000218
1.294117	-0.000100
1.299999	0.000537
1.305882	0.000218
1.311764	0.000218
1.317646	0.000537
1.323529	-0.000419
1.329411	0.000218
1.335293	0.000537
1.341176	0.000537
1.347058	0.000537
1.352940	0.000218
1.358823	-0.000100
1.364705	0.000855
1.370588	0.000218
1.376470	0.000537
1.382352	0.001174
1.388235	-0.000100
1.394117	-0.000100
1.399999	0.001174
1.405882	-0.000100
1.411764	0.000218
1.417646	0.000537
1.423529	-0.000100
1.429411	0.000537
1.435293	-0.000419
1.441176	0.001174
1.447058	0.000537
1.452940	0.000537
1.458823	0.000855
1.464705	-0.000419
1.470587	0.000537
1.476470	0.000855
1.482352	0.000218
1.488235	0.000537
1.494117	-0.000419
1.499999	0.000537
1.505882	0.000537
1.511764	-0.000419
1.517646	0.000537
1.523529	-0.000737
1.529411	0.000218
1.535293	0.000537
1.541176	0.000537
1.547058	0.000855
1.552940	-0.000100
1.558823	0.000218
1.564705	0.000218
1.570587	0.000537
1.576470	0.000218
1.582352	-0.000100
1.588234	0.000537
1.594117	0.000855
1.599999	0.000218
1.605882	-0.000100
1.611764	0.000218
1.617646	0.000218
1.623529	0.000537
1.629411	0.000218
1.635293	0.000218
1.641176	0.000537
1.647058	0.000218
1.652940	0.001174
1.658823	0.000218
1.664705	-0.000419
1.670587	0.000537
1.676470	0.000218
1.682352	0.000855
1.688234	0.000537
1.694117	-0.000100
1.699999	0.001174
1.705881	-0.000100
1.711764	0.000537
1.717646	0.000537
1.723529	0.000218
1.729411	0.000537
1.735293	0.000537
1.741176	-0.000100
1.747058	0.000855
1.752940	-0.000100
1.758823	0.000218
1.764705	0.000855
1.770587	0.000218
1.776470	0.000537
1.782352	0.000537
1.788234	0.000218
1.794117	0.000855
1.799999	0.000537
1.805881	0.000855
1.811764	0.000218
1.817646	-0.000100
1.823528	0.000537
1.829411	0.000855
1.835293	0.000218
1.841176	0.000537
1.847058	-0.000100
1.852940	0.001174
1.858823	0.000537
1.864705	-0.000100
1.870587	0.000855
1.876470	-0.000100
1.882352	0.001174
1.888234	0.000537
1.894117	0.000855
1.899999	0.000855
1.905881	-0.000419
1.911764	0.000855
1.917646	0.000218
1.923528	-0.000419
1.929411	0.000218
1.935293	0.000218
1.941175	0.000218
1.947058	0.000218
1.952940	0.000218
1.958823	0.000218
1.964705	0.000218
1.970587	0.000537
1.976470	0.000218
1.982352	0.000218
1.988234	0.000218
1.994117	0.000218
1.999999	0.000537
2.005881	-0.000100
2.011764	0.000855
2.017646	-0.000100
2.023528	0.000218
2.029411	0.000855
2.035293	-0.000100
2.041175	0.000855
2.047058	0.000537
2.052940	0.000218
2.058822	0.000537
2.064705	0.000218
2.070587	0.000537
2.076470	0.000537
2.082352	0.000218
2.088234	0.000855
2.094117	0.000218
2.099999	0.001174
2.105881	-0.000100
2.111764	0.000855
2.117646	0.000537
2.123528	0.000218
2.129411	0.000537
2.135293	0.000218
2.141175	0.000218
2.147058	0.000218
2.152940	0.000537
2.158822	-0.000100
2.164705	-0.000100
2.170587	0.000218
2.176470	0.000218
2.182352	0.000218
2.188234	0.000218
2.194117	-0.000419
2.199999	0.000537
2.205881	-0.000100
2.211764	0.001174
2.217646	0.000218
2.223528	0.000537
2.229411	-0.000100
2.235293	-0.000100
2.241175	0.002447
2.247058	0.000537
2.252940	0.001174
2.258822	-0.000100
2.264705	0.000218
2.270587	0.001174
2.276469	-0.000100
2.282352	0.000855
2.288234	-0.000419
2.294116	-0.000100
2.299999	0.000537
2.305881	0.000537
2.311764	0.001174
2.317646	-0.000100
2.323528	0.000218
2.329411	0.001174
2.335293	0.000218
2.341175	0.000218
2.347058	0.000218
2.352940	0.001174
2.358822	-0.000100
2.364705	0.000218
2.370587	0.001174
2.376469	0.000218
2.382352	0.000537
2.388234	0.000218
2.394116	-0.000100
2.399999	0.001810
2.405881	-0.000100
2.411763	0.000537
2.417646	0.000218
2.423528	-0.000100
2.429411	0.000855
2.435293	0.000218
2.441175	-0.000419
2.447058	-0.000100
2.452940	0.000537
2.458822	-0.000100
2.464705	0.000218
2.470587	0.000537
2.476469	0.000218
2.482352	0.000855
2.488234	0.000855
2.494116	-0.000100
2.499999	-0.000100
2.505881	-0.000100
2.511763	0.000855
2.517646	0.000218
2.523528	-0.000100
2.529411	0.001174
2.535293	-0.000100
2.541175	0.000855
2.547058	0.000218
2.552940	-0.000100
2.558822	0.000218
2.564705	-0.000100
2.570587	0.000855
2.576469	0.000537
2.582352	0.000855
2.588234	0.000218
2.594116	0.000537
2.599999	0.001174
2.605881	0.000537
2.611763	0.000855
2.617646	0.000855
2.623528	-0.000100
2.629410	0.001174
2.635293	0.000855
2.641175	0.000218
2.647057	0.000218
2.652940	-0.000737
2.658822	0.001174
2.664705	0.000537
2.670587	0.000218
2.676469	0.000218
2.682352	0.000218
2.688234	0.000218
2.694116	0.000218
2.699999	-0.000100
2.705881	0.000218
2.711763	0.000537
2.717646	0.000218
2.723528	0.000537
2.729410	0.000218
2.735293	0.000537
2.741175	0.001492
2.747057	-0.000419
2.752940	-0.000100
2.758822	0.000218
2.764704	0.000218
2.770587	0.000537
2.776469	0.000218
2.782352	0.000855
2.788234	0.000218
2.794116	-0.000100
2.799999	-0.000100
2.805881	0.001174
2.811763	0.001174
2.817646	0.000218
2.823528	0.000855
2.829410	0.000855
2.835293	0.000537
2.841175	0.000855
2.847057	-0.000419
2.852940	0.000218
2.858822	0.000218
2.864704	0.000855
2.870587	0.000537
2.876469	-0.000419
2.882351	0.000218
2.888234	0.000537
2.894116	0.001174
2.899999	0.000537
2.905881	-0.000419
2.911763	-0.000100
2.917646	0.001492
2.923528	0.000537
2.929410	0.000537
2.935293	-0.000100
2.941175	0.000537
2.947057	0.000537
2.952940	0.000855
2.958822	0.002447
2.964704	-0.000100
2.970587	0.000537
2.976469	0.000218
2.982351	0.000218
2.988234	0.001174
2.994116	0.000218
2.999998	0.000855
3.005881	0.000218
3.011763	0.001174
3.017646	0.000537
3.023528	-0.000100
3.029410	0.000855
3.035293	0.000218
3.041175	0.000855
3.047057	0.000537
3.052940	0.000218
3.058822	0.000855
3.064704	0.000218
3.070587	0.000537
3.076469	0.000218
3.082351	-0.000419
3.088234	0.000218
3.094116	0.000537
3.099998	0.000537
3.105881	0.000537
3.111763	0.000218
3.117646	0.000218
3.123528	-0.000419
3.129410	0.000218
3.135293	0.000537
3.141175	0.000537
3.147057	0.000537
3.152940	0.000218
3.158822	0.000537
3.164704	0.000218
3.170587	0.000537
3.176469	0.000537
3.182351	0.001492
3.188234	0.000537
3.194116	0.000218
3.199998	0.000218
3.205881	0.000537
3.211763	0.001174
3.217645	0.000537
3.223528	0.000855
3.229410	0.000537
3.235292	-0.000100
3.241175	0.000855
3.247057	0.000537
3.252940	-0.000100
3.258822	0.000218
3.264704	0.000218
3.270587	0.000855
3.276469	-0.000100
3.282351	0.000855
3.288234	0.001174
3.294116	0.000537
3.299998	0.000537
3.305881	-0.000100
3.311763	0.000855
3.317645	-0.000100
3.323528	0.000537
3.329410	0.000218
3.335292	0.000537
3.341175	0.000537
3.347057	0.000855
3.352939	0.000218
3.358822	0.001174
3.364704	0.000218
3.370587	0.000537
3.376469	0.000537
3.382351	0.000218
3.388234	0.000855
3.394116	0.000537
3.399998	0.000855
3.405881	0.000855
3.411763	0.000537
3.417645	0.000537
3.423528	0.000855
3.429410	0.000218
3.435292	0.001174
3.441175	0.000537
3.447057	0.000537
3.452939	0.000218
3.458822	0.000537
3.464704	0.000218
3.470587	0.000855
3.476469	-0.000100
3.482351	-0.000419
3.488234	0.000537
3.494116	0.000537
3.499998	-0.000100
3.505881	0.000855
3.511763	0.000218
3.517645	0.000537
3.523528	0.000537
3.529410	0.000855
3.535292	0.000218
3.541175	0.000855
3.547057	-0.000419
3.552939	-0.000100
3.558822	0.000537
3.564704	-0.000100
3.570586	0.000855
3.576469	-0.000100
3.582351	-0.000737
3.588233	0.000218
3.594116	0.001174
3.599998	0.000537
3.605881	0.000218
3.611763	0.000218
3.617645	0.000218
3.623528	0.000537
3.629410	0.000218
3.635292	0.000218
3.641175	-0.000419
3.647057	-0.000737
3.652939	0.000855
3.658822	0.001174
3.664704	-0.000737
3.670586	0.000855
3.676469	-0.000100
3.682351	0.000537
3.688233	0.000855
3.694116	-0.000419
3.699998	0.000855
3.705880	0.000218
3.711763	0.000855
3.717645	0.000537
3.723528	-0.000419
3.729410	0.000218
3.735292	-0.000419
3.741175	0.001174
3.747057	-0.000100
3.752939	0.000218
3.758822	-0.000419
3.764704	0.000218
3.770586	0.000537
3.776469	-0.000100
3.782351	0.000218
3.788233	0.000218
3.794116	0.000537
3.799998	0.000537
3.805880	0.000537
3.811763	0.000218
3.817645	0.001174
3.823527	0.000537
3.829410	0.000537
3.835292	0.000855
3.841175	0.000218
3.847057	0.000537
3.852939	-0.000419
3.858822	0.000537
3.864704	0.000537
3.870586	0.000218
3.876469	0.000218
3.882351	0.000218
3.888233	0.000218
3.894116	0.000855
3.899998	0.000218
3.905880	0.000537
3.911763	0.001174
3.917645	0.000218
3.923527	0.000218
3.929410	0.000218
3.935292	0.000218
3.941174	0.000537
3.947057	0.001174
3.952939	-0.000419
3.958822	0.000218
3.964704	0.000218
3.970586	0.000218
3.976469	0.000218
3.982351	-0.000100
3.988233	-0.000100
3.994116	0.000537
3.999998	0.000855
4.005880	0.001174
4.011763	0.000218
4.017645	0.000537
4.023527	0.000537
4.029410	0.000537
4.035292	0.000855
4.041174	0.000855
4.047057	0.000218
4.052939	-0.000100
4.058821	0.000218
4.064704	0.000537
4.070586	0.000855
4.076469	-0.000419
4.082351	0.000855
4.088233	0.000855
4.094116	0.000218
4.099998	0.000218
4.105880	0.000537
4.111763	0.001174
4.117645	-0.000100
4.123527	-0.000100
4.129410	0.000537
4.135292	-0.000100
4.141174	-0.000419
4.147057	0.000537
4.152939	0.000537
4.158821	0.000537
4.164704	-0.000100
4.170586	0.000218
4.176468	0.000537
4.182351	0.000537
4.188233	0.000855
4.194116	0.000537
4.199998	0.000855
4.205880	0.000537
4.211763	0.000218
4.217645	-0.000100
4.223527	0.000218
4.229410	0.000218
4.235292	0.000218
4.241174	0.000537
4.247057	-0.000100
4.252939	0.001174
4.258821	0.000537
4.264704	0.000537
4.270586	0.001174
4.276468	0.000537
4.282351	0.000218
4.288233	0.000537
4.294116	0.000537
4.299998	0.000537
4.305880	0.000537
4.311763	0.001174
4.317645	0.000537
4.323527	0.000537
4.329410	0.000218
4.335292	0.000218
4.341174	0.000218
4.347057	0.000537
4.352939	0.000537
4.358821	0.001174
4.364704	0.000537
4.370586	0.000537
4.376468	0.000537
4.382351	0.000537
4.388233	0.001174
4.394115	0.000218
4.399998	0.001174
4.405880	0.000218
4.411763	0.000537
4.417645	0.000218
4.423527	-0.000737
4.429410	0.001174
4.435292	-0.000100
4.441174	0.000218
4.447057	0.000537
4.452939	-0.000419
4.458821	0.000855
4.464704	0.000218
4.470586	0.000537
4.476468	-0.000100
4.482351	0.000218
4.488233	0.000218
4.494115	0.000855
4.499998	0.000218
4.505880	0.000855
4.511762	-0.000419
4.517645	0.000218
4.523527	-0.000419
4.529409	0.000218
4.535292	0.000855
4.541174	0.000218
4.547057	0.000537
4.552939	0.000855
4.558821	0.000855
4.564704	0.000855
4.570586	0.000537
4.576468	0.000218
4.582351	0.000855
4.588233	0.001174
4.594115	0.000855
4.599998	0.000537
4.605880	0.000218
4.611762	0.000537
4.617645	0.000218
4.623527	0.000855
4.629409	-0.000100
4.635292	-0.000100
4.641174	0.000855
4.647056	0.000218
4.652939	-0.000419
4.658821	0.000537
4.664704	-0.000419
4.670586	0.001174
4.676468	-0.000419
4.682351	0.000537
4.688233	0.000218
4.694115	0.000218
4.699998	0.000855
4.705880	-0.000100
4.711762	0.000537
4.717645	0.000218
4.723527	0.000218
4.729409	0.000218
4.735292	0.000537
4.741174	0.000537
4.747056	-0.000100
4.752939	0.000537
4.758821	0.000855
4.764703	0.000218
4.770586	0.001174
4.776468	0.000537
4.782351	0.000218
4.788233	0.000218
4.794115	0.000855
4.799998	0.000218
4.805880	0.000537
4.811762	0.000537
4.817645	0.000537
4.823527	-0.000100
4.829409	-0.000100
4.835292	-0.000100
4.841174	0.000855
4.847056	0.000218
4.852939	0.000537
4.858821	0.000855
4.864703	-0.000100
4.870586	0.000537
4.876468	0.000218
4.882350	0.000855
4.888233	0.000218
4.894115	0.000218
4.899998	0.000218
4.905880	0.000537
4.911762	0.000855
4.917645	0.001492
4.923527	0.000537
4.929409	-0.000737
4.935292	-0.000100
4.941174	0.000855
4.947056	0.000855
4.952939	0.000218
4.958821	-0.000100
4.964703	0.000537
4.970586	0.000855
4.976468	-0.000100
4.982350	0.000218
4.988233	0.000537
4.994115	0.000855
